791.2499999999999         0.7672115255958122
786.3354037267079         0.8458450571584034
781.4814814814814         0.8865887009996488
776.6871165644171         0.9021231359354476
771.951219512195          0.9070900444872504
767.2727272727273         0.9114107750203906
762.6506024096384         0.9194028859099337
758.0838323353291         0.9309810205332891
753.5714285714284         0.9429326789178789
749.1124260355028         0.9500969946830137
744.705882352941          0.9468605614289275
740.3508771929824         0.9290634012827077
736.0465116279069         0.89567241955667
731.7919075144507         0.8492351846845867
727.5862068965516         0.7947867147727352
723.4285714285713         0.7379753617176117
719.3181818181816         0.6835239349288991
715.2542372881354         0.6345698773001162
711.2359550561796         0.5927388241592402
707.262569832402          0.5585515088397385
703.3333333333333         0.5318586349733426
699.4475138121546         0.5121709680959844
695.6043956043954         0.49886556214728905
691.8032786885245         0.4912944788759294
688.0434782608695         0.48882979681976424
684.3243243243243         0.4908727550318247
680.6451612903226         0.4968473260947256
677.0053475935828         0.5061928684236229
673.4042553191488         0.5183664896961463
669.8412698412698         0.5328618335902585
666.315789473684          0.5492458386501532
662.8272251308899         0.5672084856931693
659.3749999999999         0.5866142294756281
655.9585492227978         0.6075403248530943
652.5773195876288         0.6302883968112419
649.2307692307692         0.6553604635419029
645.9183673469387         0.6833955178178968
642.6395939086294         0.7150633419718055
639.3939393939393         0.7509062214450977
636.180904522613          0.791108371704087
632.9999999999999         0.8351643830042269
629.8507462686566         0.8814274696610835
626.7326732673266         0.9265741875630829
623.6453201970443         0.9651606583531371
620.5882352941176         0.9896665619792195
617.560975609756          0.9915841363989838
614.5631067961165         0.9638472188457067
611.5942028985506         0.9039212139824507
608.6538461538461         0.8157479348399692
605.7416267942583         0.7089196432634736
602.8571428571428         0.5953916054756099
599.9999999999999         0.4858273369799541
597.1698113207547         0.38745071726971037
594.3661971830985         0.3037541443172317
591.5887850467288         0.2353310488066736
588.8372093023255         0.18099872917668017
586.1111111111111         0.1387412034797584
583.4101382488478         0.10633769869493184
580.7339449541283         0.08171198951793165
578.0821917808219         0.06308663996517175
575.4545454545454         0.049020378784943114
572.8506787330316         0.03838524662043358
570.2702702702702         0.030319032133489784
567.7130044843049         0.024172708171426357
565.1785714285713         0.01946232390325591
562.6666666666666         0.015828859108274935
560.1769911504424         0.013006470144823076
557.7092511013215         0.01079819747330395
555.2631578947368         0.00905777180861745
552.8384279475981         0.007676168073475769
550.4347826086956         0.006571746156184469
548.051948051948          0.005683050716597873
545.6896551724137         0.004963559470540308
543.3476394849785         0.004377849778184693
541.025641025641          0.003898794373482625
538.7234042553191         0.0035055034182888594
536.4406779661016         0.0031818085175075368
534.1772151898733         0.00291514142581295
531.9327731092436         0.0026957013985146904
529.7071129707113         0.002515834785230734
527.4999999999999         0.0023695717693900603
