791.2499999999999         0.15838081805081927
786.3354037267079         0.12503292629780552
781.4814814814814         0.10016601770560948
776.6871165644171         0.08149094274391411
771.951219512195          0.06730856735935235
767.2727272727273         0.056400773471817975
762.6506024096384         0.04790298971815478
758.0838323353291         0.04120042914089875
753.5714285714284         0.035852529862531374
749.1124260355028         0.031540239441107114
744.705882352941          0.02802978500260555
740.3508771929824         0.02514781893430706
736.0465116279069         0.022764284664691735
731.7919075144507         0.0207805050765808
727.5862068965516         0.019120817285600326
723.4285714285713         0.017726633486228452
719.3181818181816         0.01655217706278881
715.2542372881354         0.015561387456122865
711.2359550561796         0.014725649092555776
707.262569832402          0.014022107481018987
703.3333333333333         0.01343240796568475
699.4475138121546         0.012941741659698547
695.6043956043954         0.012538116625518844
691.8032786885245         0.012211795528263843
688.0434782608695         0.011954857135376354
684.3243243243243         0.011760850400252753
680.6451612903226         0.011624517944051765
677.0053475935828         0.01154157155293971
673.4042553191488         0.01150850653581957
669.8412698412698         0.011522444930209947
666.315789473684          0.011580999953933097
662.8272251308899         0.011682156037750645
659.3749999999999         0.011824160435890275
655.9585492227978         0.0120054239463935
652.5773195876288         0.012224429788170567
649.2307692307692         0.012479651237650997
645.9183673469387         0.012769480230985774
642.6395939086294         0.013092170724129108
639.3939393939393         0.013445802029535305
636.180904522613          0.013828268388639202
632.9999999999999         0.014237301408265022
629.8507462686566         0.014670531390889991
626.7326732673266         0.015125591804645951
623.6453201970443         0.015600268134378686
620.5882352941176         0.016092688383045877
617.560975609756          0.01660154814560757
614.5631067961165         0.017126359344010335
611.5942028985506         0.01766770941725638
608.6538461538461         0.018227517913004233
605.7416267942583         0.01880928054926221
602.8571428571428         0.019418296866427532
599.9999999999999         0.020061885973803893
597.1698113207547         0.020749604668979654
594.3661971830985         0.02149349245008021
591.5887850467288         0.022308378142305085
588.8372093023255         0.02321229325046375
586.1111111111111         0.024227048888369563
583.4101382488478         0.02537904842212405
580.7339449541283         0.026700430180703522
578.0821917808219         0.028230668663916856
575.4545454545454         0.030018815906081676
572.8506787330316         0.03212664827199982
570.2702702702702         0.03463311604958156
567.7130044843049         0.03764070384295853
565.1785714285713         0.041284650328420575
562.6666666666666         0.04574653595183247
560.1769911504424         0.051274685538590166
557.7092511013215         0.05821543588182044
555.2631578947368         0.06706210705317041
552.8384279475981         0.0785334359596044
550.4347826086956         0.09370194734425472
548.051948051948          0.11420788968695711
545.6896551724137         0.14261862762209623
543.3476394849785         0.18302134243974152
541.025641025641          0.24191183784128817
538.7234042553191         0.3290627777737108
536.4406779661016         0.45608992526984005
534.1772151898733         0.6239151862650109
531.9327731092436         0.7858261197772345
529.7071129707113         0.8338408967466027
527.4999999999999         0.7273606848855014
