791.2499999999999         0.6805185355315946
786.3354037267079         0.6446597360290861
781.4814814814814         0.6138236233658624
776.6871165644171         0.5880831046700521
771.951219512195          0.5672842599510769
767.2727272727273         0.5511693249037721
762.6506024096384         0.5394505208759803
758.0838323353291         0.5318506900735243
753.5714285714284         0.5281227205756482
749.1124260355028         0.5280557963598853
744.705882352941          0.5314734600955796
740.3508771929824         0.5382263860734237
736.0465116279069         0.5481814435106844
731.7919075144507         0.5612078928410492
727.5862068965516         0.5771612623371596
723.4285714285713         0.5958655196757783
719.3181818181816         0.6170945339384231
715.2542372881354         0.6405544594596635
711.2359550561796         0.6658694467958307
707.262569832402          0.692573777523711
703.3333333333333         0.720113791118842
699.4475138121546         0.7478624246789083
695.6043956043954         0.7751475125877006
691.8032786885245         0.8012922076239742
688.0434782608695         0.8256625195839807
684.3243243243243         0.8477140621238823
680.6451612903226         0.8670288629184991
677.0053475935828         0.8833343233895079
673.4042553191488         0.8964999949348215
669.8412698412698         0.9065126862583414
666.315789473684          0.9134349825862788
662.8272251308899         0.9173552774236867
659.3749999999999         0.9183384288917087
655.9585492227978         0.9163854988965809
652.5773195876288         0.9114094374394698
649.2307692307692         0.9032316106120524
645.9183673469387         0.8916018413352405
642.6395939086294         0.8762417937091913
639.3939393939393         0.856907664194063
636.180904522613          0.8334633198140421
632.9999999999999         0.8059503093812267
629.8507462686566         0.7746386182911664
626.7326732673266         0.7400438347458105
623.6453201970443         0.7029033966599583
620.5882352941176         0.664115123944667
617.560975609756          0.6246514132265236
614.5631067961165         0.5854681415460231
611.5942028985506         0.5474264994920414
608.6538461538461         0.5112398040077191
605.7416267942583         0.4774490838679445
602.8571428571428         0.44642419154819685
599.9999999999999         0.41838319920703587
597.1698113207547         0.3934219675181061
594.3661971830985         0.3715470412031892
591.5887850467288         0.35270720111512255
588.8372093023255         0.3368211711047628
586.1111111111111         0.32380066998109175
583.4101382488478         0.3135691021756508
580.7339449541283         0.30607677737646455
578.0821917808219         0.30131378268757336
575.4545454545454         0.2993216243842139
572.8506787330316         0.30020457151265617
570.2702702702702         0.3041412391360444
567.7130044843049         0.31139617288678684
565.1785714285713         0.3223296261058559
562.6666666666666         0.33740050822495393
560.1769911504424         0.357151015454566
557.7092511013215         0.38214896270706417
555.2631578947368         0.4128415511246384
552.8384279475981         0.44924068382062915
550.4347826086956         0.49032937558670625
548.051948051948          0.5331194825476369
545.6896551724137         0.5715794506182763
543.3476394849785         0.5963859348295553
541.025641025641          0.5972041403970451
538.7234042553191         0.5680396803391086
536.4406779661016         0.5120629609025971
534.1772151898733         0.4405234313780966
531.9327731092436         0.3663426097983121
529.7071129707113         0.2986121660994925
527.4999999999999         0.24136536301228467
