791.2499999999999         0.37693719595235375
786.3354037267079         0.33373637628936864
781.4814814814814         0.2870091041644633
776.6871165644171         0.24352188294647473
771.951219512195          0.2062212705343977
767.2727272727273         0.1755829695757098
762.6506024096384         0.15094641189325791
758.0838323353291         0.1313098594960713
753.5714285714284         0.11569270093068346
749.1124260355028         0.10326137559138225
744.705882352941          0.09334998046771226
740.3508771929824         0.08544211211721707
736.0465116279069         0.07914300055760806
731.7919075144507         0.07415297128167131
727.5862068965516         0.07024552665600751
723.4285714285713         0.06725034026369328
719.3181818181816         0.06504047927548287
715.2542372881354         0.06352298463774526
711.2359550561796         0.06263202857323713
707.262569832402          0.06232402759819882
703.3333333333333         0.06257424237090319
699.4475138121546         0.06337452125353547
695.6043956043954         0.06473193999018606
691.8032786885245         0.06666815878483882
688.0434782608695         0.06921936431618318
684.3243243243243         0.07243669047495722
680.6451612903226         0.07638701832056345
677.0053475935828         0.08115404080431936
673.4042553191488         0.08683943606104542
669.8412698412698         0.09356391582038505
666.315789473684          0.1014677898475889
662.8272251308899         0.11071049572676053
659.3749999999999         0.12146826372234022
655.9585492227978         0.1339286944526634
652.5773195876288         0.14828050234760176
649.2307692307692         0.1646960206313855
645.9183673469387         0.18330333266196547
642.6395939086294         0.20414428728140455
639.3939393939393         0.22711466196572314
636.180904522613          0.25188438816202136
632.9999999999999         0.277800899553856
629.8507462686566         0.3037899196252986
626.7326732673266         0.3282873606290111
623.6453201970443         0.349260551255775
620.5882352941176         0.3643916286558553
617.560975609756          0.3714698824119119
614.5631067961165         0.36894489743691894
611.5942028985506         0.3564518699016917
608.6538461538461         0.33504269079623256
605.7416267942583         0.3069592414687882
602.8571428571428         0.2750373367389958
599.9999999999999         0.24202916237673378
597.1698113207547         0.21011971874310742
594.3661971830985         0.18074162455972673
591.5887850467288         0.15462903739022266
588.8372093023255         0.13198947279027842
586.1111111111111         0.11269366745567061
583.4101382488478         0.09643151129190768
580.7339449541283         0.08282005582383029
578.0821917808219         0.07146916253262046
575.4545454545454         0.062016426518657
572.8506787330316         0.05414240636663735
570.2702702702702         0.047574422069721234
567.7130044843049         0.04208437453512838
565.1785714285713         0.03748388575493501
562.6666666666666         0.03361861063797951
560.1769911504424         0.030362675219608722
557.7092511013215         0.027613674947913752
555.2631578947368         0.025288381217575283
552.8384279475981         0.023319158522309716
550.4347826086956         0.02165102791861643
548.051948051948          0.020239288531217547
545.6896551724137         0.019047606573328386
543.3476394849785         0.018046489113992065
541.025641025641          0.017212071359749302
538.7234042553191         0.016525158378689682
536.4406779661016         0.015970473535947327
534.1772151898733         0.015536075893554577
531.9327731092436         0.015212917381777248
529.7071129707113         0.014994517824718093
527.4999999999999         0.01487674215040807
