791.2499999999999         0.02200405923597049
786.3354037267079         0.02171146039291392
781.4814814814814         0.021691522529172533
776.6871165644171         0.02196035770040705
771.951219512195          0.022548396107458017
767.2727272727273         0.023504968402015845
762.6506024096384         0.024905585388583958
758.0838323353291         0.026863663399115185
753.5714285714284         0.029549833360395898
749.1124260355028         0.033224700710418296
744.705882352941          0.03829653008259329
740.3508771929824         0.04542745973526296
736.0465116279069         0.055739679540264986
731.7919075144507         0.07124111300140576
727.5862068965516         0.09576848528584138
723.4285714285713         0.13724012751313713
719.3181818181816         0.21336721098701597
715.2542372881354         0.3652267423686022
711.2359550561796         0.662123336190529
707.262569832402          0.9576089736900567
703.3333333333333         0.7414276876959253
699.4475138121546         0.4167733231170338
695.6043956043954         0.24160811537935162
691.8032786885245         0.1543435035331146
688.0434782608695         0.10748510287439679
684.3243243243243         0.08017073072435232
680.6451612903226         0.06316350797875903
677.0053475935828         0.05204938155917152
673.4042553191488         0.04455195193595403
669.8412698412698         0.039421022868765476
666.315789473684          0.035937987589417325
662.8272251308899         0.033680608790410724
659.3749999999999         0.032405656412887646
655.9585492227978         0.03198982519004839
652.5773195876288         0.03240301385266299
649.2307692307692         0.03370357356096914
645.9183673469387         0.036054239311900695
642.6395939086294         0.0397660664072134
639.3939393939393         0.04539152510637503
636.180904522613          0.0539181533136392
632.9999999999999         0.0671912375599864
629.8507462686566         0.08891326506999236
626.7326732673266         0.12726053086820135
623.6453201970443         0.20252906888909464
620.5882352941176         0.3702628593188994
617.560975609756          0.7427919802114233
614.5631067961165         0.95438389939663
611.5942028985506         0.5137991177467953
608.6538461538461         0.2413612265310684
605.7416267942583         0.12995049671191747
602.8571428571428         0.0792939931907992
599.9999999999999         0.05304847260505015
597.1698113207547         0.03798841683939247
594.3661971830985         0.028657692871338722
591.5887850467288         0.022530120403208263
588.8372093023255         0.018321489621965573
586.1111111111111         0.015328302101993957
583.4101382488478         0.013141253811410838
580.7339449541283         0.011510239396596927
578.0821917808219         0.010276170818791276
575.4545454545454         0.009334484805610643
572.8506787330316         0.008614634766181845
570.2702702702702         0.008068081866992228
567.7130044843049         0.007661016822432522
565.1785714285713         0.007369823858696277
562.6666666666666         0.007178194263918533
560.1769911504424         0.007075268220779467
557.7092511013215         0.0070544414729949755
555.2631578947368         0.007112619591158533
552.8384279475981         0.007249788233020055
550.4347826086956         0.007468819273400751
548.051948051948          0.007775463887990013
545.6896551724137         0.008178501621089521
543.3476394849785         0.008690021876315691
541.025641025641          0.009325810498772999
538.7234042553191         0.010105795000391856
536.4406779661016         0.011054458896572994
534.1772151898733         0.01220105422106338
531.9327731092436         0.013579301139785352
529.7071129707113         0.01522604242175585
527.4999999999999         0.017178011777528736
