791.2499999999999         0.313994582896332
786.3354037267079         0.2499160980155713
781.4814814814814         0.19851299875166578
776.6871165644171         0.1580147988236682
771.951219512195          0.12641363951060813
767.2727272727273         0.10184364240663002
762.6506024096384         0.08273000624276579
758.0838323353291         0.06781184774775774
753.5714285714284         0.05610921003060666
749.1124260355028         0.0468727741351649
744.705882352941          0.03953411842643299
740.3508771929824         0.03366319151372005
736.0465116279069         0.02893438406836624
731.7919075144507         0.02510043976576807
727.5862068965516         0.021972793800415363
723.4285714285713         0.019406910729314546
719.3181818181816         0.01729140179447577
715.2542372881354         0.015539956088363033
711.2359550561796         0.014085350953968961
707.262569832402          0.012874994952780772
703.3333333333333         0.011867601589572238
699.4475138121546         0.011030700483180287
695.6043956043954         0.010338772763807891
691.8032786885245         0.009771856286391805
688.0434782608695         0.009314509551615611
684.3243243243243         0.00895505550467126
680.6451612903226         0.008685051092039932
677.0053475935828         0.008498948334459185
673.4042553191488         0.008393930056568561
669.8412698412698         0.008369920581698597
666.315789473684          0.00842979131413831
662.8272251308899         0.008579806877418224
659.3749999999999         0.008830395172449039
655.9585492227978         0.009197384358275088
652.5773195876288         0.009703949542727802
649.2307692307692         0.010383686614456144
645.9183673469387         0.0112855492805614
642.6395939086294         0.012481991994020036
639.3939393939393         0.01408287123106667
636.180904522613          0.01626019993752963
632.9999999999999         0.019294524566399532
629.8507462686566         0.023667281910509833
626.7326732673266         0.03025883558238069
623.6453201970443         0.040813271138866195
620.5882352941176         0.059156984870026484
617.560975609756          0.09484152066775227
614.5631067961165         0.1754204583549911
611.5942028985506         0.3791344519850926
608.6538461538461         0.6269451690837159
605.7416267942583         0.35931261173711543
602.8571428571428         0.15684774227432927
599.9999999999999         0.07997147313964122
597.1698113207547         0.04704853979042765
594.3661971830985         0.03061811994314838
591.5887850467288         0.021412188043580485
588.8372093023255         0.015796275841159953
586.1111111111111         0.01214454248559852
583.4101382488478         0.009650235222563513
580.7339449541283         0.00787906914574621
578.0821917808219         0.006581564761474419
575.4545454545454         0.005606636594100705
572.8506787330316         0.004858710789558041
570.2702702702702         0.0042750830559961555
567.7130044843049         0.0038133249240172385
565.1785714285713         0.0034439622559571587
562.6666666666666         0.0031460540073073202
560.1769911504424         0.0029044329360068018
557.7092511013215         0.0027079332061942353
555.2631578947368         0.0025482226697269746
552.8384279475981         0.0024190160402000086
550.4347826086956         0.0023155339535293287
548.051948051948          0.0022341242277917
545.6896551724137         0.0021719921223909305
543.3476394849785         0.0021270049417350654
541.025641025641          0.0020975478295855556
538.7234042553191         0.0020824148300229205
536.4406779661016         0.002080723857969208
534.1772151898733         0.0020918470815512865
531.9327731092436         0.002115349955041694
529.7071129707113         0.0021509331341225462
527.4999999999999         0.0021983720349095766
