791.2499999999999         0.4123563529681582
786.3354037267079         0.4293344209717698
781.4814814814814         0.4451437037379808
776.6871165644171         0.4595620274397242
771.951219512195          0.4724452042873169
767.2727272727273         0.48375842725110924
762.6506024096384         0.49359849643496384
758.0838323353291         0.5022026358558905
753.5714285714284         0.5099427656559482
749.1124260355028         0.51730745999972
744.705882352941          0.5248761429102453
740.3508771929824         0.5332904710430514
736.0465116279069         0.543226128781557
731.7919075144507         0.5553646994177882
727.5862068965516         0.5703601409914165
723.4285714285713         0.5887875024530295
719.3181818181816         0.6110522308935258
715.2542372881354         0.6372266294200137
711.2359550561796         0.6667693358657449
707.262569832402          0.6980892373631384
703.3333333333333         0.7279770209219788
699.4475138121546         0.7511147527685839
695.6043956043954         0.7602166286818428
691.8032786885245         0.7476060575135249
688.0434782608695         0.7084626061852685
684.3243243243243         0.6441434633280061
680.6451612903226         0.5626441511472917
677.0053475935828         0.4752028027983358
673.4042553191488         0.39171566687623954
669.8412698412698         0.3181822903839333
666.315789473684          0.2567638987221998
662.8272251308899         0.20710812647785012
659.3749999999999         0.16767985733378507
655.9585492227978         0.13662763840319492
652.5773195876288         0.11221436560816085
649.2307692307692         0.09297539753006749
645.9183673469387         0.0777404284673209
642.6395939086294         0.06560012911199502
639.3939393939393         0.055857630993031114
636.180904522613          0.047981809865067775
632.9999999999999         0.0415680500400006
629.8507462686566         0.03630729982122415
626.7326732673266         0.03196243318261348
623.6453201970443         0.028350483263239058
620.5882352941176         0.02532938722012888
617.560975609756          0.022788117470009195
614.5631067961165         0.020639325435187903
611.5942028985506         0.018813840330792305
608.6538461538461         0.01725653654942461
605.7416267942583         0.01592321264458463
602.8571428571428         0.014778220688946625
599.9999999999999         0.013792654813065524
597.1698113207547         0.012942958658039603
594.3661971830985         0.01220984845865115
591.5887850467288         0.011577475359361992
588.8372093023255         0.011032770164987655
586.1111111111111         0.010564928070968685
583.4101382488478         0.010165001462803374
580.7339449541283         0.009825576665541283
578.0821917808219         0.009540516312067858
575.4545454545454         0.00930475332205521
572.8506787330316         0.009114125730891768
570.2702702702702         0.008965244060884916
567.7130044843049         0.008855384790737532
565.1785714285713         0.008782404903253755
562.6666666666666         0.008744673585899447
560.1769911504424         0.00874101800567943
557.7092511013215         0.00877068073960717
555.2631578947368         0.008833286960833997
552.8384279475981         0.008928819892900227
550.4347826086956         0.009057603377862168
548.051948051948          0.009220290679439287
545.6896551724137         0.009417858877482617
543.3476394849785         0.009651608419684434
541.025641025641          0.00992316759393566
538.7234042553191         0.010234501882184598
536.4406779661016         0.01058792836621576
534.1772151898733         0.010986135589463193
531.9327731092436         0.011432209549148678
529.7071129707113         0.011929666812761325
527.4999999999999         0.012482496135509499
