791.2499999999999         0.46198111953391824
786.3354037267079         0.4954013982420738
781.4814814814814         0.5378565611358601
776.6871165644171         0.5903611042072892
771.951219512195          0.6532193689350151
767.2727272727273         0.7249112614900669
762.6506024096384         0.8003013030777467
758.0838323353291         0.8686745917161021
753.5714285714284         0.9136287857309524
749.1124260355028         0.9180096541492873
744.705882352941          0.8737681014637332
740.3508771929824         0.7887235391736732
736.0465116279069         0.6821277358252995
731.7919075144507         0.573492006910089
727.5862068965516         0.4752797230877996
723.4285714285713         0.39244403666594074
719.3181818181816         0.32516490677771476
715.2542372881354         0.2714920401777498
711.2359550561796         0.22892099709260172
707.262569832402          0.1951034272023953
703.3333333333333         0.1680791412858132
699.4475138121546         0.14629570595460042
695.6043956043954         0.12855252357481575
691.8032786885245         0.11392927290435753
688.0434782608695         0.10172098371347031
684.3243243243243         0.09138582681691483
680.6451612903226         0.08250551939092186
677.0053475935828         0.07475630496726925
673.4042553191488         0.06788814262267859
669.8412698412698         0.06170992712791963
666.315789473684          0.056078850931250986
662.8272251308899         0.050892307433075164
659.3749999999999         0.046081047159378045
655.9585492227978         0.04160268341367998
652.5773195876288         0.03743510889068235
649.2307692307692         0.03356986289386467
645.9183673469387         0.030005859559597562
642.6395939086294         0.02674404143024683
639.3939393939393         0.023783430368181153
636.180904522613          0.02111878092305919
632.9999999999999         0.018739731148935613
629.8507462686566         0.01663111221700188
626.7326732673266         0.014773978654761027
623.6453201970443         0.013146946054565843
620.5882352941176         0.011727523888003057
617.560975609756          0.01049325393421579
614.5631067961165         0.009422572270366051
611.5942028985506         0.008495388279507582
608.6538461538461         0.007693416999654857
605.7416267942583         0.007000318640257442
602.8571428571428         0.006401700385672972
599.9999999999999         0.005885028464420087
597.1698113207547         0.0054394882381437575
594.3661971830985         0.005055819856095145
591.5887850467288         0.004726148294772282
588.8372093023255         0.00444381981501576
586.1111111111111         0.004203251946215874
583.4101382488478         0.003999800751543498
580.7339449541283         0.0038296469906720274
578.0821917808219         0.003689701561650091
575.4545454545454         0.003577530020626786
572.8506787330316         0.003491295866987401
570.2702702702702         0.0034297225276605794
567.7130044843049         0.0033920745223812573
565.1785714285713         0.0033781591409619872
562.6666666666666         0.003388351170866149
560.1769911504424         0.0034236449045412674
557.7092511013215         0.0034857400520659364
555.2631578947368         0.0035771716505956256
552.8384279475981         0.0037014991933624133
550.4347826086956         0.0038635779779240967
548.051948051948          0.004069947737351232
545.6896551724137         0.00432939277854526
543.3476394849785         0.004653759038648765
541.025641025641          0.005059165578862415
538.7234042553191         0.005567837618606347
536.4406779661016         0.006210947154261965
534.1772151898733         0.00703313931559988
531.9327731092436         0.008099981247377912
529.7071129707113         0.009510688201664579
527.4999999999999         0.011420838471834371
