791.2499999999999         0.3398391779607483
786.3354037267079         0.3099094206315477
781.4814814814814         0.2819050877139115
776.6871165644171         0.2565031988410519
771.951219512195          0.23406658637481245
767.2727272727273         0.2147181126524421
762.6506024096384         0.19842001984154328
758.0838323353291         0.18504474128085094
753.5714285714284         0.17443135857089945
749.1124260355028         0.16642766827932165
744.705882352941          0.1609210192383852
740.3508771929824         0.15786237356218913
736.0465116279069         0.1572883836199439
731.7919075144507         0.1593464588877717
727.5862068965516         0.16432839368621976
723.4285714285713         0.17271957605781976
719.3181818181816         0.18527347516264436
715.2542372881354         0.20312519648945027
711.2359550561796         0.2279625603458174
707.262569832402          0.2622733042334513
703.3333333333333         0.30966230889421115
699.4475138121546         0.37511361108920666
695.6043956043954         0.46465177124238516
691.8032786885245         0.5826848971616662
688.0434782608695         0.7233393025346655
684.3243243243243         0.8544534486312272
680.6451612903226         0.9152483316687121
677.0053475935828         0.8661304537236993
673.4042553191488         0.7388536494724374
669.8412698412698         0.5958185144161859
666.315789473684          0.4737643138410575
662.8272251308899         0.38089523591516555
659.3749999999999         0.3133008960711771
655.9585492227978         0.26482033466344335
652.5773195876288         0.23024858573392767
649.2307692307692         0.20582931890619321
645.9183673469387         0.1890151445766352
642.6395939086294         0.17814532820452705
639.3939393939393         0.17219720720412665
636.180904522613          0.17062576619241954
632.9999999999999         0.17327647165409504
629.8507462686566         0.18035767567012465
626.7326732673266         0.19246665569312382
623.6453201970443         0.21067130316718244
620.5882352941176         0.2366547141075948
617.560975609756          0.2729254871842567
614.5631067961165         0.32305966850355977
611.5942028985506         0.39180563611250835
608.6538461538461         0.4844964764029907
605.7416267942583         0.6043678372903095
602.8571428571428         0.7455500748132527
599.9999999999999         0.8825412692011583
597.1698113207547         0.9702884811282705
594.3661971830985         0.9743530374846503
591.5887850467288         0.9045085488568978
588.8372093023255         0.8009441668575444
586.1111111111111         0.6980338987437349
583.4101382488478         0.6114553963488533
580.7339449541283         0.5439819060579579
578.0821917808219         0.49276479725604844
575.4545454545454         0.4530813305352881
572.8506787330316         0.4196185089432753
570.2702702702702         0.38694327569533593
567.7130044843049         0.350313862804849
565.1785714285713         0.30724750207340384
562.6666666666666         0.25893033700655
560.1769911504424         0.2097154940609938
557.7092511013215         0.16456145755945045
555.2631578947368         0.12662405520729464
552.8384279475981         0.09668954594312804
550.4347826086956         0.07396511131421389
548.051948051948          0.05705200491369363
545.6896551724137         0.04454808056221831
543.3476394849785         0.03528852294636413
541.025641025641          0.028386007256600346
538.7234042553191         0.023192520028583505
536.4406779661016         0.0192437461059132
534.1772151898733         0.016209027627896087
531.9327731092436         0.013852593288756154
529.7071129707113         0.012005411324712565
527.4999999999999         0.010545362531411364
