791.2499999999999         0.06049343147895523
786.3354037267079         0.07424598445638962
781.4814814814814         0.09434920736441121
776.6871165644171         0.12513745718767946
771.951219512195          0.1750626792401714
767.2727272727273         0.26151839830938683
762.6506024096384         0.41989483633766994
758.0838323353291         0.6976078729213687
753.5714285714284         0.9814076739897158
749.1124260355028         0.8564209542634066
744.705882352941          0.5266483791206809
740.3508771929824         0.31050305027778224
736.0465116279069         0.19493852505726195
731.7919075144507         0.13137280828593162
727.5862068965516         0.09397588409594874
723.4285714285713         0.07051972158003908
719.3181818181816         0.05499564685969021
715.2542372881354         0.044260816709751086
711.2359550561796         0.03656795375328224
707.262569832402          0.030891850711331128
703.3333333333333         0.026602433245329838
699.4475138121546         0.023296818402248277
695.6043956043954         0.020708512380585464
691.8032786885245         0.018656040016822865
688.0434782608695         0.017012701753745394
684.3243243243243         0.015688135086638702
680.6451612903226         0.014616721799725648
677.0053475935828         0.013750099364641343
673.4042553191488         0.013052207240998016
669.8412698412698         0.012495941600333791
666.315789473684          0.012060856121287383
662.8272251308899         0.01173155898087345
659.3749999999999         0.01149658355547581
655.9585492227978         0.011347588655682654
652.5773195876288         0.011278793409941635
649.2307692307692         0.011286583660166638
645.9183673469387         0.01136924767343612
642.6395939086294         0.011526813157991823
639.3939393939393         0.011760967497060055
636.180904522613          0.012075050366528981
632.9999999999999         0.01247411352898334
629.8507462686566         0.012965047328595932
626.7326732673266         0.013556777809682119
623.6453201970443         0.014260542936010825
620.5882352941176         0.015090261600049377
617.560975609756          0.01606301557779548
614.5631067961165         0.017199673097071922
611.5942028985506         0.01852569437107675
608.6538461538461         0.02007217597017345
605.7416267942583         0.0218772147893916
602.8571428571428         0.023987707509741732
599.9999999999999         0.026461753928213903
597.1698113207547         0.029371911960427537
594.3661971830985         0.03280967391553217
591.5887850467288         0.03689172287130839
588.8372093023255         0.041768826029493646
586.1111111111111         0.04763869822742915
583.4101382488478         0.0547649413285178
580.7339449541283         0.06350543650344453
578.0821917808219         0.07435568358545197
575.4545454545454         0.08801612708889965
572.8506787330316         0.10549839043131815
570.2702702702702         0.12829466863329841
567.7130044843049         0.15864726047304725
565.1785714285713         0.19996327174219317
562.6666666666666         0.2573774124870399
560.1769911504424         0.33817852858391956
557.7092511013215         0.4505924586771393
555.2631578947368         0.595702245407618
552.8384279475981         0.743560832975411
550.4347826086956         0.8125914109527473
548.051948051948          0.7399210104741892
545.6896551724137         0.5795868438097317
543.3476394849785         0.4216061168398288
541.025641025641          0.30196007520185203
538.7234042553191         0.21902700750105714
536.4406779661016         0.1625001885684925
534.1772151898733         0.12353803199650024
531.9327731092436         0.09611819307976176
529.7071129707113         0.07637418536444383
527.4999999999999         0.06183977735515694
