791.2499999999999         0.17781487601289037
786.3354037267079         0.14697270421223477
781.4814814814814         0.12428244440549843
776.6871165644171         0.10770425852595006
771.951219512195          0.09566057075491725
767.2727272727273         0.08703470955132318
762.6506024096384         0.08107294087568642
758.0838323353291         0.07729287143011751
753.5714285714284         0.07542044436225531
749.1124260355028         0.07535653860234247
744.705882352941          0.07717223720274818
740.3508771929824         0.08113674203771204
736.0465116279069         0.08779207311612335
731.7919075144507         0.0981086228677712
727.5862068965516         0.11379865209085094
723.4285714285713         0.13796485461472896
719.3181818181816         0.17650210405443653
715.2542372881354         0.24121370595686245
711.2359550561796         0.3561633017997442
707.262569832402          0.5612130322983505
703.3333333333333         0.8290105555902534
699.4475138121546         0.8172968489272276
695.6043956043954         0.5057537089431473
691.8032786885245         0.2771680294416407
688.0434782608695         0.16002081622233838
684.3243243243243         0.09976286390601076
680.6451612903226         0.06649099306463727
677.0053475935828         0.046758829425814864
673.4042553191488         0.034326822911815505
669.8412698412698         0.026096649972291927
666.315789473684          0.020422880553224578
662.8272251308899         0.01637839357253618
659.3749999999999         0.013413669142667634
655.9585492227978         0.01118864504831849
652.5773195876288         0.009484975391767165
649.2307692307692         0.008157945616896855
645.9183673469387         0.007108967459076181
642.6395939086294         0.0062692448873015545
639.3939393939393         0.00558974911391171
636.180904522613          0.00503488406919235
632.9999999999999         0.004578378990843796
629.8507462686566         0.004200562995305714
626.7326732673266         0.003886518925676142
623.6453201970443         0.0036248094134602397
620.5882352941176         0.0034065830445688776
617.560975609756          0.003224937800039336
614.5631067961165         0.0030744616726353304
611.5942028985506         0.002950897279050306
608.6538461538461         0.002850894577513357
605.7416267942583         0.0027718271066108457
602.8571428571428         0.0027116546775078606
599.9999999999999         0.0026688205258236604
597.1698113207547         0.002642174403347236
594.3661971830985         0.002630915498634102
591.5887850467288         0.0026345507638987128
588.8372093023255         0.0026528654180203565
586.1111111111111         0.0026859032389748667
583.4101382488478         0.002733954849637402
580.7339449541283         0.0027975526001734895
578.0821917808219         0.0028774708952592886
575.4545454545454         0.0029747309242661394
572.8506787330316         0.0030906087326693287
570.2702702702702         0.0032266454175736534
567.7130044843049         0.003384657925637908
565.1785714285713         0.0035667484595867795
562.6666666666666         0.003775309843659412
560.1769911504424         0.0040130233551316724
557.7092511013215         0.004282844524888107
555.2631578947368         0.004587971328202744
552.8384279475981         0.004931788204195314
550.4347826086956         0.005317778773518901
548.051948051948          0.005749400462443646
545.6896551724137         0.006229916173680532
543.3476394849785         0.006762182491554812
541.025641025641          0.007348401440604216
538.7234042553191         0.00798985387592049
536.4406779661016         0.008686646525372994
534.1772151898733         0.009437519273565372
531.9327731092436         0.010239770268321924
529.7071129707113         0.011089358143097304
527.4999999999999         0.011981227607417112
