791.2499999999999         0.03850138302814413
786.3354037267079         0.04396482281723412
781.4814814814814         0.049301064138309106
776.6871165644171         0.053561284900626865
771.951219512195          0.055681330866932804
767.2727272727273         0.055025459921792905
762.6506024096384         0.05180802789453215
758.0838323353291         0.046944370329270485
753.5714285714284         0.04149841103948591
749.1124260355028         0.0362539140916379
744.705882352941          0.031617816444087454
740.3508771929824         0.027718621517815897
736.0465116279069         0.024534103001398414
731.7919075144507         0.021980835491002923
727.5862068965516         0.01996234769681269
723.4285714285713         0.01839044992841182
719.3181818181816         0.017192588062127007
715.2542372881354         0.016312978530707616
711.2359550561796         0.015711499397681405
707.262569832402          0.015362195182726794
703.3333333333333         0.01525222915361556
699.4475138121546         0.01538169625354377
695.6043956043954         0.015764614156120585
691.8032786885245         0.016431520296799968
688.0434782608695         0.01743441179556028
684.3243243243243         0.01885537172898528
680.6451612903226         0.0208213907738834
677.0053475935828         0.023530216331873185
673.4042553191488         0.027296935637098566
669.8412698412698         0.03264184963128678
666.315789473684          0.040466020018788074
662.8272251308899         0.052427192079467694
659.3749999999999         0.0718140653137627
655.9585492227978         0.10577976668217037
652.5773195876288         0.17157475100885158
649.2307692307692         0.31350118874863175
645.9183673469387         0.6075832647649066
642.6395939086294         0.788726347452522
639.3939393939393         0.4790487296894437
636.180904522613          0.24417620028914364
632.9999999999999         0.13809256250794735
629.8507462686566         0.08744046465167596
626.7326732673266         0.060408054644041996
623.6453201970443         0.044569603484967454
620.5882352941176         0.03460207879929662
617.560975609756          0.027980801548641163
614.5631067961165         0.02339994149380642
611.5942028985506         0.020134759994815735
608.6538461538461         0.01775955694752205
605.7416267942583         0.016012774233563787
602.8571428571428         0.014728106724448733
599.9999999999999         0.013797368305384394
597.1698113207547         0.013149599974636711
594.3661971830985         0.012738964149184838
591.5887850467288         0.012537667800499697
588.8372093023255         0.012531963193767658
586.1111111111111         0.012720219402225222
583.4101382488478         0.01311260262471472
580.7339449541283         0.013732276990124366
578.0821917808219         0.014618376182803126
575.4545454545454         0.01583141669192484
572.8506787330316         0.017462481464223092
570.2702702702702         0.019648676451068353
567.7130044843049         0.02259962383380997
565.1785714285713         0.026644373062673758
562.6666666666666         0.032318070632279504
560.1769911504424         0.04053047513836611
557.7092511013215         0.05291353577075735
555.2631578947368         0.07258656225428539
552.8384279475981         0.10594992324671895
550.4347826086956         0.166994904559295
548.051948051948          0.2857084816719909
545.6896551724137         0.49583546076315327
543.3476394849785         0.6452319970116999
541.025641025641          0.4807047993192301
538.7234042553191         0.28082612593167927
536.4406779661016         0.16894545807396863
534.1772151898733         0.11037352053366511
531.9327731092436         0.07768918249407719
529.7071129707113         0.05804356693242999
527.4999999999999         0.04546320122110896
