791.2499999999999         0.01365697030287413
786.3354037267079         0.013809402242158517
781.4814814814814         0.014041649668950537
776.6871165644171         0.01435764098164021
771.951219512195          0.01476284373771852
767.2727272727273         0.015264386196692568
762.6506024096384         0.01587121322882465
758.0838323353291         0.016594272181434007
753.5714285714284         0.0174467202240962
749.1124260355028         0.018444137539182177
744.705882352941          0.019604718954627818
740.3508771929824         0.020949398113493726
736.0465116279069         0.022501830332746484
731.7919075144507         0.02428811992869189
727.5862068965516         0.026336122707868174
723.4285714285713         0.028674085412708914
719.3181818181816         0.03132831008906346
715.2542372881354         0.034319478065179265
711.2359550561796         0.037657289503487824
707.262569832402          0.041333263821427
703.3333333333333         0.04531203181540158
699.4475138121546         0.049522343784140464
695.6043956043954         0.053850280476219814
691.8032786885245         0.05813838387140326
688.0434782608695         0.062194714948989864
684.3243243243243         0.06581404415735848
680.6451612903226         0.06880903842291361
677.0053475935828         0.07104387369221113
673.4042553191488         0.0724595146339251
669.8412698412698         0.07308192265282212
666.315789473684          0.07301125666836727
662.8272251308899         0.07239763298888202
659.3749999999999         0.07141281282901439
655.9585492227978         0.07022605523650832
652.5773195876288         0.06898837868772258
649.2307692307692         0.06782550763513973
645.9183673469387         0.06683746389712082
642.6395939086294         0.06610216841567987
639.3939393939393         0.06568085709458182
636.180904522613          0.06562388690659629
632.9999999999999         0.06597620794395558
629.8507462686566         0.06678226448838562
626.7326732673266         0.06809037202981766
623.6453201970443         0.06995675553516469
620.5882352941176         0.07244948382161037
617.560975609756          0.07565253289823128
614.5631067961165         0.07967017228197543
611.5942028985506         0.08463178415432955
608.6538461538461         0.09069706006353384
605.7416267942583         0.0980611989222302
602.8571428571428         0.10695911809008604
599.9999999999999         0.11766656121330257
597.1698113207547         0.13049400595484303
594.3661971830985         0.14576604307532856
591.5887850467288         0.16377424670723287
588.8372093023255         0.1846864683764017
586.1111111111111         0.2083942342000632
583.4101382488478         0.23429334343726743
580.7339449541283         0.26103884065511884
578.0821917808219         0.2864043974774482
575.4545454545454         0.3074643238519342
572.8506787330316         0.32126525444109433
570.2702702702702         0.3258356700713658
567.7130044843049         0.32097485191416897
565.1785714285713         0.3082704201230983
562.6666666666666         0.2903603433560279
560.1769911504424         0.2699855632413997
557.7092511013215         0.2493472848638739
555.2631578947368         0.22990089781255488
552.8384279475981         0.21244211839810836
550.4347826086956         0.19729907659918625
548.051948051948          0.1845167055697626
545.6896551724137         0.17399310130407458
543.3476394849785         0.16556701601373344
541.025641025641          0.15906882489555826
538.7234042553191         0.15434798752722395
536.4406779661016         0.1512868542849032
534.1772151898733         0.149807310595586
531.9327731092436         0.14987425386257044
529.7071129707113         0.15149829740364978
527.4999999999999         0.15473916499718235
