791.2499999999999         0.007995251379101532
786.3354037267079         0.00770082317276412
781.4814814814814         0.00745754640515661
776.6871165644171         0.0072607286223812205
771.951219512195          0.007106693009162712
767.2727272727273         0.006992648766451353
762.6506024096384         0.006916595784916961
758.0838323353291         0.006877258738417416
753.5714285714284         0.006874047352585735
749.1124260355028         0.006907041038911546
744.705882352941          0.0069769974256897425
740.3508771929824         0.007085385663521186
736.0465116279069         0.007234446841622165
731.7919075144507         0.007427285547153829
727.5862068965516         0.00766799869085388
723.4285714285713         0.007961850419489927
719.3181818181816         0.008315505533297044
715.2542372881354         0.00873733874673884
711.2359550561796         0.009237843993150497
707.262569832402          0.009830177702147768
703.3333333333333         0.01053088397438675
699.4475138121546         0.011360869994457526
695.6043956043954         0.012346730216803149
691.8032786885245         0.013522563137277904
688.0434782608695         0.014932493327296417
684.3243243243243         0.016634217670131474
680.6451612903226         0.018704061124181534
677.0053475935828         0.021244291658954032
673.4042553191488         0.02439386970131235
669.8412698412698         0.028344501139683613
666.315789473684          0.03336500221118356
662.8272251308899         0.039838854770223274
659.3749999999999         0.0483228464674412
655.9585492227978         0.05963928017079466
652.5773195876288         0.07502008227857708
649.2307692307692         0.09632389673760443
645.9183673469387         0.1263262690251829
642.6395939086294         0.16896070688558024
639.3939393939393         0.22892661572832368
636.180904522613          0.3088274479801462
632.9999999999999         0.4006608934613047
629.8507462686566         0.4750279413554247
626.7326732673266         0.49361946146808794
623.6453201970443         0.45136469066629475
620.5882352941176         0.38022703592366475
617.560975609756          0.3101119672081106
614.5631067961165         0.25284729644148884
611.5942028985506         0.2093083157642695
608.6538461538461         0.17694948941761357
605.7416267942583         0.15296762453064405
602.8571428571428         0.13513031838300182
599.9999999999999         0.12182341005973463
597.1698113207547         0.1119180253126999
594.3661971830985         0.10463358025104663
591.5887850467288         0.09943379707704075
588.8372093023255         0.09595498112199302
586.1111111111111         0.09395863641430781
583.4101382488478         0.09330123484781785
580.7339449541283         0.0939160723160391
578.0821917808219         0.09580404500163194
575.4545454545454         0.09903164587262661
572.8506787330316         0.10373563930532655
570.2702702702702         0.1101349015888165
567.7130044843049         0.1185509962821688
565.1785714285713         0.129440360576944
562.6666666666666         0.14344266917344198
560.1769911504424         0.16145206535771683
557.7092511013215         0.18472010835759056
555.2631578947368         0.21499956299558073
552.8384279475981         0.25472994134523874
550.4347826086956         0.30722896875107886
548.051948051948          0.37673419130706887
545.6896551724137         0.46780980640402775
543.3476394849785         0.5829206895837514
541.025641025641          0.7162043340053846
538.7234042553191         0.8436590471833344
536.4406779661016         0.9213806996628883
534.1772151898733         0.9122586367221406
531.9327731092436         0.8229614271666118
529.7071129707113         0.6959153680701899
527.4999999999999         0.5700426130663496
