791.2499999999999         0.13190954709588593
786.3354037267079         0.112438178550951
781.4814814814814         0.09762206632259691
776.6871165644171         0.08626759808035085
771.951219512195          0.077472597977081
767.2727272727273         0.07057793239487252
762.6506024096384         0.06510556069674558
758.0838323353291         0.06070735639570333
753.5714285714284         0.05712776304205003
749.1124260355028         0.05417784312917021
744.705882352941          0.051717589630829626
740.3508771929824         0.049643898267192024
736.0465116279069         0.04788227768893397
731.7919075144507         0.046380950254946846
727.5862068965516         0.04510644535339708
723.4285714285713         0.04404013317520134
719.3181818181816         0.04317540674061463
715.2542372881354         0.04251540066435702
711.2359550561796         0.04207124183838517
707.262569832402          0.041860871212495675
703.3333333333333         0.04190847558268819
699.4475138121546         0.042244544258562534
695.6043956043954         0.04290653297833111
691.8032786885245         0.0439400804945234
688.0434782608695         0.045400670358406434
684.3243243243243         0.04735552994102655
680.6451612903226         0.04988535022640457
677.0053475935828         0.053084988634075576
673.4042553191488         0.057061513911422425
669.8412698412698         0.06192653062105736
666.315789473684          0.06777747116014608
662.8272251308899         0.07465969153128346
659.3749999999999         0.0824995820171531
655.9585492227978         0.09100423451251276
652.5773195876288         0.09954686626681346
649.2307692307692         0.10710859646518388
645.9183673469387         0.11240151263921201
642.6395939086294         0.11425898835807359
639.3939393939393         0.11215930315021513
636.180904522613          0.1065121721526781
632.9999999999999         0.09845371648316074
629.8507462686566         0.08932638404272003
626.7326732673266         0.0802345335439163
623.6453201970443         0.07187334934005614
620.5882352941176         0.06457157036334848
617.560975609756          0.05841250570630879
614.5631067961165         0.05334652477792519
611.5942028985506         0.049267707734839454
608.6538461538461         0.0460576118428827
605.7416267942583         0.04360695964563895
602.8571428571428         0.04182471043423181
599.9999999999999         0.04064074063378281
597.1698113207547         0.040005708014187055
594.3661971830985         0.039889982774516816
591.5887850467288         0.040282568343569414
588.8372093023255         0.041190425343599596
586.1111111111111         0.04263835033968855
583.4101382488478         0.044669421003747475
580.7339449541283         0.047345927252236984
578.0821917808219         0.05075062047756933
575.4545454545454         0.054988006519889984
572.8506787330316         0.06018527839702791
570.2702702702702         0.06649235927531512
567.7130044843049         0.07408048752481529
565.1785714285713         0.08313899261615407
562.6666666666666         0.09387064903330969
560.1769911504424         0.10648755579492308
557.7092511013215         0.1212119991307834
555.2631578947368         0.13828981962839929
552.8384279475981         0.15802624491782183
550.4347826086956         0.1808543331802681
548.051948051948          0.20744317911766907
545.6896551724137         0.23884758394450095
543.3476394849785         0.2766931775707827
541.025641025641          0.32337150260416797
538.7234042553191         0.3821471242493088
536.4406779661016         0.456832597364553
534.1772151898733         0.5499990519109285
531.9327731092436         0.6573826680617324
529.7071129707113         0.7564967719301507
527.4999999999999         0.7999103699661906
