791.2499999999999         0.8068473027825482
786.3354037267079         0.7638040558879534
781.4814814814814         0.7118684277131366
776.6871165644171         0.6531878996738584
771.951219512195          0.5909594132061853
767.2727272727273         0.5286022422772746
762.6506024096384         0.46902473945467904
758.0838323353291         0.4142283946574818
753.5714285714284         0.3652640467931231
749.1124260355028         0.3224095583259899
744.705882352941          0.28542069900922284
740.3508771929824         0.2537593223640474
736.0465116279069         0.22676117897518605
731.7919075144507         0.20374229945699995
727.5862068965516         0.18405781564278106
723.4285714285713         0.1671292367557363
719.3181818181816         0.1524531714442127
715.2542372881354         0.13960045054785877
711.2359550561796         0.12821118038534063
707.262569832402          0.11798877516312455
703.3333333333333         0.10869433986671716
699.4475138121546         0.10014168416807609
695.6043956043954         0.09219259396210076
691.8032786885245         0.0847517060031426
688.0434782608695         0.0777603965502248
684.3243243243243         0.07118944887969161
680.6451612903226         0.06503077017303381
677.0053475935828         0.05928888489654857
673.4042553191488         0.05397315259879454
669.8412698412698         0.04909156160534879
666.315789473684          0.04464659762180466
662.8272251308899         0.04063323728167558
659.3749999999999         0.037038737690680314
655.9585492227978         0.03384368244125635
652.5773195876288         0.031023712196123127
649.2307692307692         0.02855146206933921
645.9183673469387         0.02639837848353247
642.6395939086294         0.024536238165894477
639.3939393939393         0.022938310066675276
636.180904522613          0.021580178376814127
632.9999999999999         0.020440286380539407
629.8507462686566         0.01950027696632445
626.7326732673266         0.018745206781296785
623.6453201970443         0.01816370565217391
620.5882352941176         0.01774814688925553
617.560975609756          0.017494891379501012
614.5631067961165         0.0174046718925123
611.5942028985506         0.017483196717349592
608.6538461538461         0.0177420777340739
605.7416267942583         0.01820023411792663
602.8571428571428         0.018886001047298772
599.9999999999999         0.019840304578833765
597.1698113207547         0.021121488845380815
594.3661971830985         0.022812774505858637
591.5887850467288         0.025034032696930955
588.8372093023255         0.02796086720935338
586.1111111111111         0.031856514392830625
583.4101382488478         0.037127105301906355
580.7339449541283         0.04442133492897572
578.0821917808219         0.05481840423862242
575.4545454545454         0.07019940949991048
572.8506787330316         0.09401330069628513
570.2702702702702         0.1328840059857883
567.7130044843049         0.199678271845035
565.1785714285713         0.31569637690641617
562.6666666666666         0.48328197991145844
560.1769911504424         0.5688528616208862
557.7092511013215         0.44309038574925014
555.2631578947368         0.28044685952988585
552.8384279475981         0.17667033196095663
550.4347826086956         0.11775192521493111
548.051948051948          0.08339281168941762
545.6896551724137         0.062245478561131475
543.3476394849785         0.048534483900474726
541.025641025641          0.039245025817916945
538.7234042553191         0.03272384494853757
536.4406779661016         0.028017525549597227
534.1772151898733         0.024550801609642615
531.9327731092436         0.021962918063710552
529.7071129707113         0.020020411101716686
527.4999999999999         0.018568580209033063
