791.2499999999999         0.009898441367580465
786.3354037267079         0.009988962801482247
781.4814814814814         0.010164144990356179
776.6871165644171         0.010430003718970952
771.951219512195          0.010795421625398509
767.2727272727273         0.011272657089090784
762.6506024096384         0.011878050714196134
758.0838323353291         0.012632976048086293
753.5714285714284         0.013565090636549048
749.1124260355028         0.014709946195950065
744.705882352941          0.016113000287218203
740.3508771929824         0.01783200973454895
736.0465116279069         0.019939623115431855
731.7919075144507         0.022525618261852755
727.5862068965516         0.02569745534052256
723.4285714285713         0.029576327319727577
719.3181818181816         0.034283341665714936
715.2542372881354         0.03990695536603734
711.2359550561796         0.04644037197856724
707.262569832402          0.05368342914018695
703.3333333333333         0.06113158070242158
699.4475138121546         0.06793267898177276
695.6043956043954         0.07303711609623814
691.8032786885245         0.0755814721641256
688.0434782608695         0.07530001239678419
684.3243243243243         0.07263092799271202
680.6451612903226         0.06843955334088693
677.0053475935828         0.06362195973694873
673.4042553191488         0.0588569159893936
669.8412698412698         0.054554565389575385
666.315789473684          0.05091407514122074
662.8272251308899         0.04800463975604198
659.3749999999999         0.045830720758377325
655.9585492227978         0.044374719990802156
652.5773195876288         0.04362247088710223
649.2307692307692         0.043578667368343225
645.9183673469387         0.04427791705569464
642.6395939086294         0.045795575959896605
639.3939393939393         0.04826175801972026
636.180904522613          0.051882034677848035
632.9999999999999         0.056969319067622266
629.8507462686566         0.06399311742324301
626.7326732673266         0.07365379916525205
623.6453201970443         0.08698647782391479
620.5882352941176         0.10547483064519668
617.560975609756          0.1310531671292973
614.5631067961165         0.16553988638586145
611.5942028985506         0.20827786888594044
608.6538461538461         0.2506132190393698
605.7416267942583         0.2723745172219265
602.8571428571428         0.257020883267995
599.9999999999999         0.2139769471621664
597.1698113207547         0.16605612934298508
594.3661971830985         0.12633231442498932
591.5887850467288         0.09700203293601412
588.8372093023255         0.07613803500254507
586.1111111111111         0.061347216868377234
583.4101382488478         0.050761344806171525
580.7339449541283         0.04308897863216023
578.0821917808219         0.03746945844878895
575.4545454545454         0.033333176765798396
572.8506787330316         0.030302463814359564
570.2702702702702         0.028127284928443894
567.7130044843049         0.0266450565490518
565.1785714285713         0.025756404151701995
562.6666666666666         0.025411762609781823
560.1769911504424         0.025606177313275382
557.7092511013215         0.026381701233140473
555.2631578947368         0.02783897716935876
552.8384279475981         0.030162922794548887
550.4347826086956         0.033673923428263586
548.051948051948          0.03893058558315824
545.6896551724137         0.046946828669511366
543.3476394849785         0.05968788681115086
541.025641025641          0.0813249504364028
538.7234042553191         0.12182721339133773
536.4406779661016         0.2086163206387222
534.1772151898733         0.4216222661204031
531.9327731092436         0.7865170013189069
529.7071129707113         0.5494898011844976
527.4999999999999         0.23070338793819642
