791.2499999999999         0.26048945729232575
786.3354037267079         0.23572298453285132
781.4814814814814         0.21409625379752845
776.6871165644171         0.19575515357372508
771.951219512195          0.18053284232317765
767.2727272727273         0.16813340920702133
762.6506024096384         0.15823485670166854
758.0838323353291         0.15054020860759162
753.5714285714284         0.14479921253037661
749.1124260355028         0.1408149616528029
744.705882352941          0.13844364334652615
740.3508771929824         0.13759178466187605
736.0465116279069         0.13821316130314518
731.7919075144507         0.14030632291333148
727.5862068965516         0.14391300732992898
723.4285714285713         0.14911727583984394
719.3181818181816         0.1560448042979586
715.2542372881354         0.16486126002521187
711.2359550561796         0.17576794261498083
707.262569832402          0.18899173755333967
703.3333333333333         0.20476485258491367
699.4475138121546         0.22328792249095697
695.6043956043954         0.24466859359477358
691.8032786885245         0.26882852578440297
688.0434782608695         0.29537857225485475
684.3243243243243         0.3234797784572728
680.6451612903226         0.3517392181973014
677.0053475935828         0.3782245088314443
673.4042553191488         0.40068617952969365
669.8412698412698         0.4170082687670021
666.315789473684          0.42576279356585495
662.8272251308899         0.4266196788445595
659.3749999999999         0.42039825166060074
655.9585492227978         0.4087494401367107
652.5773195876288         0.3936604614114833
649.2307692307692         0.377014892999724
645.9183673469387         0.36033550674121945
642.6395939086294         0.34470997100522277
639.3939393939393         0.3308340445134215
636.180904522613          0.319103498231913
632.9999999999999         0.30970987490137514
629.8507462686566         0.30271962475299463
626.7326732673266         0.2981316991582843
623.6453201970443         0.2959158907612504
620.5882352941176         0.2960363366945033
617.560975609756          0.2984643775317762
614.5631067961165         0.303183969545003
611.5942028985506         0.31019181368074694
608.6538461538461         0.31949356476454877
605.7416267942583         0.33109699450663427
602.8571428571428         0.3450028128822396
599.9999999999999         0.3611939985625973
597.1698113207547         0.3796249233800716
594.3661971830985         0.4002121937860663
591.5887850467288         0.4228297827471209
588.8372093023255         0.44731136299385893
586.1111111111111         0.4734623603042801
583.4101382488478         0.5010827706173863
580.7339449541283         0.529999181539948
578.0821917808219         0.5601011656805844
575.4545454545454         0.5913741734457002
572.8506787330316         0.6239191631129366
570.2702702702702         0.6579487646768539
567.7130044843049         0.6937500792418575
565.1785714285713         0.7316038650960545
562.6666666666666         0.7716478524453675
560.1769911504424         0.8136694472985639
557.7092511013215         0.8568159786897344
555.2631578947368         0.8992323383506786
552.8384279475981         0.9376977125073399
550.4347826086956         0.9674511739836622
548.051948051948          0.9825351822569508
545.6896551724137         0.9769900879435367
543.3476394849785         0.9468524266667903
541.025641025641          0.8921391072186128
538.7234042553191         0.8175005455376523
536.4406779661016         0.7308639655089252
534.1772151898733         0.6408451802265551
531.9327731092436         0.5544753308450833
529.7071129707113         0.4761896759967104
527.4999999999999         0.40797674237886755
