791.2499999999999         0.8845450246470229
786.3354037267079         0.90378586537296
781.4814814814814         0.8455340926183028
776.6871165644171         0.7286308278146273
771.951219512195          0.5931130779788918
767.2727272727273         0.46964970794724853
762.6506024096384         0.3700681196110942
758.0838323353291         0.2942531965020837
753.5714285714284         0.23783474476912053
749.1124260355028         0.1960513776208205
744.705882352941          0.16499489608862272
740.3508771929824         0.1417604724407932
736.0465116279069         0.1242719874981874
731.7919075144507         0.11106597776046985
727.5862068965516         0.10111361264016534
723.4285714285713         0.09369076570582817
719.3181818181816         0.08828760096321908
715.2542372881354         0.08454682576446793
711.2359550561796         0.08222174898114767
707.262569832402          0.08114773797165015
703.3333333333333         0.08122262523542303
699.4475138121546         0.08239297241649603
695.6043956043954         0.08464396793959061
691.8032786885245         0.08799125319322826
688.0434782608695         0.0924732678523103
684.3243243243243         0.09814290703412289
680.6451612903226         0.10505755092656842
677.0053475935828         0.11326706959469454
673.4042553191488         0.122800453757098
669.8412698412698         0.13365341104563133
666.315789473684          0.1457813867117216
662.8272251308899         0.15910418343994898
659.3749999999999         0.17352822402234436
655.9585492227978         0.1889892281112906
652.5773195876288         0.2055119651430997
649.2307692307692         0.22327765694831758
645.9183673469387         0.24268768277243688
642.6395939086294         0.2644165290500153
639.3939393939393         0.2894547795052363
636.180904522613          0.31914789309422853
632.9999999999999         0.35523093139114437
629.8507462686566         0.39983414588308314
626.7326732673266         0.4553731880251214
623.6453201970443         0.5241119244421575
620.5882352941176         0.6069765925686527
617.560975609756          0.7010411094701157
614.5631067961165         0.7956891111245701
611.5942028985506         0.8702091820900367
608.6538461538461         0.8995386057923475
605.7416267942583         0.8704260905732294
602.8571428571428         0.7930625088878429
599.9999999999999         0.692640993052217
597.1698113207547         0.5919845556276856
594.3661971830985         0.5034006713888477
591.5887850467288         0.4303802555029836
588.8372093023255         0.3718091056803221
586.1111111111111         0.3249182228369592
583.4101382488478         0.2866963417919221
580.7339449541283         0.25442067582997324
578.0821917808219         0.22583736749525274
575.4545454545454         0.19926632982418233
572.8506787330316         0.1737105915204493
570.2702702702702         0.1489129941219205
567.7130044843049         0.1252501533316279
565.1785714285713         0.10343299834779981
562.6666666666666         0.0841361390932628
560.1769911504424         0.06773892508435427
557.7092511013215         0.054263691758560786
555.2631578947368         0.04346101058417883
552.8384279475981         0.03494133885300933
550.4347826086956         0.028283647917637992
548.051948051948          0.023099861212782118
545.6896551724137         0.01906211642120404
543.3476394849785         0.015907247696110936
541.025641025641          0.013430336352980042
538.7234042553191         0.01147456733220956
536.4406779661016         0.009921013946204206
534.1772151898733         0.008679806439579801
531.9327731092436         0.007683040692030719
529.7071129707113         0.00687930852233853
527.4999999999999         0.0062295733091215656
