791.2499999999999         0.4840780690487797
786.3354037267079         0.44467816748145506
781.4814814814814         0.40197930866030207
776.6871165644171         0.3600125465146759
771.951219512195          0.3212244567161373
767.2727272727273         0.28675303989046613
762.6506024096384         0.2568703077692602
758.0838323353291         0.2313659500141391
753.5714285714284         0.20980927110901562
749.1124260355028         0.19170359550918648
744.705882352941          0.17656679011204074
740.3508771929824         0.16396743360958121
736.0465116279069         0.15353681267947322
731.7919075144507         0.14496893486581933
727.5862068965516         0.1380153640132061
723.4285714285713         0.13247844514435883
719.3181818181816         0.12820466900918803
715.2542372881354         0.12507896288626583
711.2359550561796         0.12302021397328128
707.262569832402          0.12197811614826487
703.3333333333333         0.12193135785308006
699.4475138121546         0.12288717348612477
695.6043956043954         0.12488233098138202
691.8032786885245         0.12798571093428796
688.0434782608695         0.13230274540804884
684.3243243243243         0.1379821317331683
680.6451612903226         0.14522542610774933
677.0053475935828         0.1543003611657157
673.4042553191488         0.165559019609816
669.8412698412698         0.17946230189896106
666.315789473684          0.19661234097110408
662.8272251308899         0.21779434008233584
659.3749999999999         0.2440279908531347
655.9585492227978         0.2766244110096406
652.5773195876288         0.3172335366628091
649.2307692307692         0.36784113664357565
645.9183673469387         0.4306199142256241
642.6395939086294         0.5074384719995444
639.3939393939393         0.5986962556243545
636.180904522613          0.701134059444758
632.9999999999999         0.8048755526268364
629.8507462686566         0.891894622785197
626.7326732673266         0.9402946443078385
623.6453201970443         0.9357804009030611
620.5882352941176         0.8815458015953677
617.560975609756          0.7955654142374214
614.5631067961165         0.6987183597121581
611.5942028985506         0.6058910422554711
608.6538461538461         0.5243887594368227
605.7416267942583         0.45622070439111145
602.8571428571428         0.4007016913939116
599.9999999999999         0.35614600823930603
597.1698113207547         0.3207190749179649
594.3661971830985         0.2927852340877292
591.5887850467288         0.27100955544401784
588.8372093023255         0.2543570665131063
586.1111111111111         0.24205806016048248
583.4101382488478         0.233569099624862
580.7339449541283         0.2285412498378127
578.0821917808219         0.22679950498964146
575.4545454545454         0.2283347445676939
572.8506787330316         0.23330911264129842
570.2702702702702         0.24207617132038192
567.7130044843049         0.2552176903598263
565.1785714285713         0.27359829846982914
562.6666666666666         0.29843450373510816
560.1769911504424         0.33135800363841716
557.7092511013215         0.3744049355237143
555.2631578947368         0.42973759344697116
552.8384279475981         0.4986266981252424
550.4347826086956         0.5787932830825955
548.051948051948          0.6593455337917369
545.6896551724137         0.7160324866481991
543.3476394849785         0.7179987898398436
541.025641025641          0.6532025739832964
538.7234042553191         0.5444172099271137
536.4406779661016         0.4281218871753295
534.1772151898733         0.3276423048508575
531.9327731092436         0.24946239638423798
529.7071129707113         0.19134695690525008
527.4999999999999         0.14874694602375935
