791.2499999999999         0.012583741202280249
786.3354037267079         0.01156007123918311
781.4814814814814         0.010730031337977645
776.6871165644171         0.010058203400813802
771.951219512195          0.009517992940546536
767.2727272727273         0.009089384081869073
762.6506024096384         0.008757375012872166
758.0838323353291         0.008510882005043114
753.5714285714284         0.00834197442037761
749.1124260355028         0.008245350771002859
744.705882352941          0.008217997338309071
740.3508771929824         0.008258992370270746
736.0465116279069         0.008369434339693615
731.7919075144507         0.008552484653006159
727.5862068965516         0.00881352522040295
723.4285714285713         0.009160440609463888
719.3181818181816         0.00960404394557862
715.2542372881354         0.010158675808887277
711.2359550561796         0.01084301611744488
707.262569832402          0.011681159349930291
703.3333333333333         0.012704010170189217
699.4475138121546         0.013951051471623848
695.6043956043954         0.015472501900902932
691.8032786885245         0.017331776567329166
688.0434782608695         0.0196079152418455
684.3243243243243         0.02239709928683873
680.6451612903226         0.02581128717143132
677.0053475935828         0.029969999964620075
673.4042553191488         0.034978139516076985
669.8412698412698         0.04087921026526829
666.315789473684          0.047573661462601946
662.8272251308899         0.05470740710413996
659.3749999999999         0.061580904311863034
655.9585492227978         0.06719339529312345
652.5773195876288         0.07053064969709331
649.2307692307692         0.07101477922201417
645.9183673469387         0.06879032166507437
642.6395939086294         0.06459789881363649
639.3939393939393         0.05937453313415928
636.180904522613          0.05390911053562079
632.9999999999999         0.04870978259466921
629.8507462686566         0.044030760869867125
626.7326732673266         0.03995458262950796
623.6453201970443         0.036467870792038275
620.5882352941176         0.03351259915640476
617.560975609756          0.031015434201483186
614.5631067961165         0.0289025108742643
611.5942028985506         0.027105864494206006
608.6538461538461         0.025565558164214887
605.7416267942583         0.02422982322903023
602.8571428571428         0.02305444358029478
599.9999999999999         0.02200199197943408
597.1698113207547         0.021041183619427733
594.3661971830985         0.020146423009640924
591.5887850467288         0.01929751385408364
588.8372093023255         0.018479444133011624
586.1111111111111         0.01768213769850661
583.4101382488478         0.016900075536421092
580.7339449541283         0.0161317295419912
578.0821917808219         0.015378808015171936
575.4545454545454         0.014645368132032602
572.8506787330316         0.013936889168922719
570.2702702702702         0.013259410763019648
567.7130044843049         0.012618823219610008
565.1785714285713         0.012020361424953144
562.6666666666666         0.011468313868216397
560.1769911504424         0.010965925223885472
557.7092511013215         0.010515451043369522
555.2631578947368         0.010118316817759739
552.8384279475981         0.009775337749246047
550.4347826086956         0.009486965500076923
548.051948051948          0.009253540024013207
545.6896551724137         0.009075535744230366
543.3476394849785         0.008953800647790935
541.025641025641          0.00888979420600824
538.7234042553191         0.008885835938715069
536.4406779661016         0.008945381800368543
534.1772151898733         0.009073351454555383
531.9327731092436         0.009276537200435937
529.7071129707113         0.009564136450968043
527.4999999999999         0.009948466528863604
