791.2499999999999         0.3128911536086736
786.3354037267079         0.4177778751086416
781.4814814814814         0.5594818230868459
776.6871165644171         0.7308544516991329
771.951219512195          0.8931191068940435
767.2727272727273         0.9820603458139674
762.6506024096384         0.9657989848681093
758.0838323353291         0.8780100383457788
753.5714285714284         0.7720890075686836
749.1124260355028         0.6797332489605485
744.705882352941          0.6109839781933352
740.3508771929824         0.5661015792637565
736.0465116279069         0.5429796053766841
731.7919075144507         0.5400922514136827
727.5862068965516         0.5574164517146565
723.4285714285713         0.596577007235556
719.3181818181816         0.6603172120796814
715.2542372881354         0.750187203320837
711.2359550561796         0.859562956966392
707.262569832402          0.9594476374781358
703.3333333333333         0.9905427254110984
699.4475138121546         0.9041786622143934
695.6043956043954         0.7295587247219958
691.8032786885245         0.5438454172887102
688.0434782608695         0.39388140450941567
684.3243243243243         0.2864411510224265
680.6451612903226         0.21251037827170538
677.0053475935828         0.1617828781141824
673.4042553191488         0.12651508197399527
669.8412698412698         0.10152868316017916
666.315789473684          0.08347367402190121
662.8272251308899         0.07018583252608523
659.3749999999999         0.06025070293158292
655.9585492227978         0.05272853382639601
652.5773195876288         0.04698405590350079
649.2307692307692         0.04258093051728123
645.9183673469387         0.03921559646683022
642.6395939086294         0.036675252774291435
639.3939393939393         0.0348108488587884
636.180904522613          0.033519608048903304
632.9999999999999         0.032733785684774176
629.8507462686566         0.03241367815136113
626.7326732673266         0.03254372122682746
623.6453201970443         0.03313106369546752
620.5882352941176         0.03420641203063138
617.560975609756          0.03582731124633637
614.5631067961165         0.03808444302411659
611.5942028985506         0.04111208987985089
608.6538461538461         0.045104791921817294
605.7416267942583         0.050343682077365524
602.8571428571428         0.05723852006982355
599.9999999999999         0.0663959766290414
597.1698113207547         0.07873297339080172
594.3661971830985         0.09566898165153301
591.5887850467288         0.11945803867900873
588.8372093023255         0.1537635546319427
586.1111111111111         0.20461503162858946
583.4101382488478         0.28173671530004984
580.7339449541283         0.398982847179809
578.0821917808219         0.566961219689676
575.4545454545454         0.7591654592624847
572.8506787330316         0.8672316670992488
570.2702702702702         0.8001463444963196
567.7130044843049         0.6332500318689209
565.1785714285713         0.474333670931402
562.6666666666666         0.35705372908240635
560.1769911504424         0.2763402366542228
557.7092511013215         0.22102357129665184
555.2631578947368         0.18244238576851185
552.8384279475981         0.15491747033530115
550.4347826086956         0.13485338947047948
548.051948051948          0.11996168223854255
545.6896551724137         0.10875774165114069
543.3476394849785         0.10025612892324623
541.025641025641          0.09378774352567339
538.7234042553191         0.08888889123401596
536.4406779661016         0.08523274285162952
534.1772151898733         0.08258615014523031
531.9327731092436         0.0807819483679637
529.7071129707113         0.07970094073379867
527.4999999999999         0.07926008467947772
