791.2499999999999         0.5107553351198169
786.3354037267079         0.5502607076788766
781.4814814814814         0.5744432294339291
776.6871165644171         0.5826377911442762
771.951219512195          0.5779729225149611
767.2727272727273         0.5655761726888651
762.6506024096384         0.5505784394090933
758.0838323353291         0.5370038438385651
753.5714285714284         0.5275817433711812
749.1124260355028         0.5240358990612127
744.705882352941          0.5274730322837852
740.3508771929824         0.5386942008823007
736.0465116279069         0.5583812972980214
731.7919075144507         0.5871538225352915
727.5862068965516         0.6254859537899449
723.4285714285713         0.6734529484635093
719.3181818181816         0.7302671455504535
715.2542372881354         0.7936096532287238
711.2359550561796         0.8589258711574951
707.262569832402          0.9191513460075338
703.3333333333333         0.9655747471721702
699.4475138121546         0.9902144723051292
695.6043956043954         0.9888788697419714
691.8032786885245         0.9629432131959076
688.0434782608695         0.9184848593616406
684.3243243243243         0.8635196672649701
680.6451612903226         0.8052933560521517
677.0053475935828         0.7488680697213921
673.4042553191488         0.6969637112924734
669.8412698412698         0.6504363161113721
666.315789473684          0.6088801956363659
662.8272251308899         0.5711296329881804
659.3749999999999         0.5356367669661466
655.9585492227978         0.5007818902371804
652.5773195876288         0.46516977078883004
649.2307692307692         0.42791466926928645
645.9183673469387         0.38885030606536036
642.6395939086294         0.34856849435638376
639.3939393939393         0.3082361333557891
636.180904522613          0.26924929182348883
632.9999999999999         0.23286985248815434
629.8507462686566         0.19998140795327224
626.7326732673266         0.1710144553380137
623.6453201970443         0.14600440146142304
620.5882352941176         0.12471130015595917
617.560975609756          0.10674253560537325
614.5631067961165         0.09164849014051328
611.5942028985506         0.07898461801643894
608.6538461538461         0.06834529921535037
605.7416267942583         0.05937816925271412
602.8571428571428         0.051786684622088484
599.9999999999999         0.045326479051887136
597.1698113207547         0.03979899511656022
594.3661971830985         0.03504436310334741
591.5887850467288         0.030934534483488596
588.8372093023255         0.027367119890118457
586.1111111111111         0.02426008646850964
583.4101382488478         0.021547326612790556
580.7339449541283         0.01917504656341728
578.0821917808219         0.017098896130162522
575.4545454545454         0.015281748044947658
572.8506787330316         0.01369202857232968
570.2702702702702         0.012302498445193415
567.7130044843049         0.01108938575933404
565.1785714285713         0.010031780609971423
562.6666666666666         0.009111214106496278
560.1769911504424         0.0083113599835172
557.7092511013215         0.007617813029815743
555.2631578947368         0.00701791305714201
552.8384279475981         0.0065005949625205825
550.4347826086956         0.006056254221448976
548.051948051948          0.005676623097302505
545.6896551724137         0.005354656506292308
543.3476394849785         0.005084428481986414
541.025641025641          0.00486104113958314
538.7234042553191         0.004680548435360956
536.4406779661016         0.00453989721390179
534.1772151898733         0.0044368882939286106
531.9327731092436         0.004370160853798057
529.7071129707113         0.0043392043041765305
527.4999999999999         0.004344403356666744
