791.2499999999999         0.03327970496150199
786.3354037267079         0.033057528320414184
781.4814814814814         0.033128188837233216
776.6871165644171         0.03347458234888562
771.951219512195          0.03408538018958506
767.2727272727273         0.034953360248141
762.6506024096384         0.036073923759341826
758.0838323353291         0.03744373880117345
753.5714285714284         0.03905951837822916
749.1124260355028         0.04091701879356722
744.705882352941          0.043010430435896
740.3508771929824         0.04533241541860013
736.0465116279069         0.047875100603211256
731.7919075144507         0.0506323303871549
727.5862068965516         0.053603400359769446
723.4285714285713         0.05679834142883151
719.3181818181816         0.06024466588172087
715.2542372881354         0.0639954328737307
711.2359550561796         0.06813867098869157
707.262569832402          0.07280871643600073
703.3333333333333         0.07820095521749848
699.4475138121546         0.08459287596732527
695.6043956043954         0.09237646409354719
691.8032786885245         0.10211033531553092
688.0434782608695         0.11460569471386443
684.3243243243243         0.1310699876982475
680.6451612903226         0.15334786329742245
677.0053475935828         0.1843177356302876
673.4042553191488         0.22848828599269597
669.8412698412698         0.2925955647520384
666.315789473684          0.3846619502901338
662.8272251308899         0.505013524462996
659.3749999999999         0.6167791894677483
655.9585492227978         0.6297672444260036
652.5773195876288         0.5143415876893211
649.2307692307692         0.36342817394719323
645.9183673469387         0.2460108618329093
642.6395939086294         0.16864385103299576
639.3939393939393         0.11934412534121676
636.180904522613          0.08747922050335681
632.9999999999999         0.066284213672068
629.8507462686566         0.05174414163715242
626.7326732673266         0.04147763457952911
623.6453201970443         0.03404151911824752
620.5882352941176         0.02853637250184044
617.560975609756          0.02438542248009711
614.5631067961165         0.021208771132314303
611.5942028985506         0.018750115195777375
608.6538461538461         0.01683291713727894
605.7416267942583         0.01533351257371618
602.8571428571428         0.014164222750150517
599.9999999999999         0.013262543724094744
597.1698113207547         0.012584135731613526
594.3661971830985         0.012098269729625471
591.5887850467288         0.011784933292358798
588.8372093023255         0.01163313139445275
586.1111111111111         0.011640137766429932
583.4101382488478         0.01181161960113149
580.7339449541283         0.012162716594949526
578.0821917808219         0.012720349226013904
575.4545454545454         0.013527324219495825
572.8506787330316         0.014649310541301535
570.2702702702702         0.01618670490331758
567.7130044843049         0.01829528480679849
565.1785714285713         0.021223490669666157
562.6666666666666         0.025382931398442922
560.1769911504424         0.031489317857040025
557.7092511013215         0.04086252477914908
555.2631578947368         0.05610917851319853
552.8384279475981         0.08275501165207905
550.4347826086956         0.13293055600467008
548.051948051948          0.2279907351559452
545.6896551724137         0.3454768451918888
543.3476394849785         0.30917938234799486
541.025641025641          0.18013138176915247
538.7234042553191         0.10054448976850114
536.4406779661016         0.06072761606323376
534.1772151898733         0.03982285660454573
531.9327731092436         0.02791724900384898
529.7071129707113         0.020626745242882712
527.4999999999999         0.0158914448027118
