791.2499999999999         0.05422238794249299
786.3354037267079         0.043169416323864084
781.4814814814814         0.035349390479605704
776.6871165644171         0.029643815593312983
771.951219512195          0.025375156650380298
767.2727272727273         0.02211567512026745
762.6506024096384         0.01958563612085006
758.0838323353291         0.01759650275014363
753.5714285714284         0.01601790135247328
749.1124260355028         0.014757703375691085
744.705882352941          0.013749629543275639
740.3508771929824         0.012945319337677617
736.0465116279069         0.012309134729751196
731.7919075144507         0.011814686366468048
727.5862068965516         0.01144247404573887
723.4285714285713         0.011178266915701294
719.3181818181816         0.011011988005426939
715.2542372881354         0.01093695294840241
711.2359550561796         0.010949366510891321
707.262569832402          0.011048015553824762
703.3333333333333         0.011234120845103467
699.4475138121546         0.0115113272749603
695.6043956043954         0.011885825445627144
691.8032786885245         0.012366609342432834
688.0434782608695         0.012965886435334537
684.3243243243243         0.013699669559498844
680.6451612903226         0.014588595844082007
677.0053475935828         0.015659038717094592
673.4042553191488         0.01694460716295087
669.8412698412698         0.018488165492602505
666.315789473684          0.02034456190741597
662.8272251308899         0.02258433214142608
659.3749999999999         0.02529875515045438
655.9585492227978         0.028606793838071017
652.5773195876288         0.032664669744656157
649.2307692307692         0.03767910776021057
645.9183673469387         0.043925636513565104
642.6395939086294         0.051773666736922797
639.3939393939393         0.06172013034334575
636.180904522613          0.07443249681262877
632.9999999999999         0.09079805590571507
629.8507462686566         0.11196487286489626
626.7326732673266         0.13933103952410572
623.6453201970443         0.17437638963867433
620.5882352941176         0.21812417120922553
617.560975609756          0.2699344533730905
614.5631067961165         0.3255904962549869
611.5942028985506         0.37586249302367297
608.6538461538461         0.4084780899695599
605.7416267942583         0.4148185646801171
602.8571428571428         0.3958475319196913
599.9999999999999         0.3604519253553332
597.1698113207547         0.31884067773030683
594.3661971830985         0.2780985762737697
591.5887850467288         0.24165800560905265
588.8372093023255         0.21052020255613138
586.1111111111111         0.18448167432090817
583.4101382488478         0.1628883540293049
580.7339449541283         0.1450031713497402
578.0821917808219         0.1301543690041704
575.4545454545454         0.11777943464528669
572.8506787330316         0.1074255682535986
570.2702702702702         0.09873511062784868
567.7130044843049         0.09142798591504295
565.1785714285713         0.08528569257222576
562.6666666666666         0.08013815704001809
560.1769911504424         0.0758534972313417
557.7092511013215         0.07233032072735919
555.2631578947368         0.0694921067398927
552.8384279475981         0.06728327559781072
550.4347826086956         0.0656666459500107
548.051948051948          0.06462208540499263
545.6896551724137         0.06414626725283164
543.3476394849785         0.06425355856219404
541.025641025641          0.06497819533695683
538.7234042553191         0.06637806864122021
536.4406779661016         0.06854068385171294
534.1772151898733         0.07159221640755467
531.9327731092436         0.07571116155113676
529.7071129707113         0.08114901968109627
527.4999999999999         0.0882620531565108
