791.2499999999999         0.17931865983900794
786.3354037267079         0.19017338598810526
781.4814814814814         0.20201824812606442
776.6871165644171         0.21511190536542868
771.951219512195          0.2298125943820641
767.2727272727273         0.24659680261516956
762.6506024096384         0.2660783213871302
758.0838323353291         0.28902416441290124
753.5714285714284         0.3163562593123737
749.1124260355028         0.34911060586071235
744.705882352941          0.388289915662525
740.3508771929824         0.4344806779335107
736.0465116279069         0.4870178631753978
731.7919075144507         0.5424736602182347
727.5862068965516         0.592696190410846
723.4285714285713         0.6241335396723391
719.3181818181816         0.6219765615762812
715.2542372881354         0.5798804218619446
711.2359550561796         0.5066711356050357
707.262569832402          0.4207760943663513
703.3333333333333         0.33856810914257524
699.4475138121546         0.268556781372291
695.6043956043954         0.21263986437467405
691.8032786885245         0.16937606331218488
688.0434782608695         0.13631449647368551
684.3243243243243         0.11108193148157597
680.6451612903226         0.0917322272406897
677.0053475935828         0.0767768659124226
673.4042553191488         0.06511155124628021
669.8412698412698         0.0559264157367763
666.315789473684          0.048628469605952164
662.8272251308899         0.042781920883724206
659.3749999999999         0.03806445258022413
655.9585492227978         0.03423587162704467
652.5773195876288         0.031115806203153424
649.2307692307692         0.02856785328677533
645.9183673469387         0.0264882802416763
642.6395939086294         0.024797939703350955
639.3939393939393         0.023436463817731366
636.180904522613          0.022358091960878106
632.9999999999999         0.021528687663286153
629.8507462686566         0.02092364192999335
626.7326732673266         0.02052646117869798
623.6453201970443         0.02032791298082701
620.5882352941176         0.020325662437766925
617.560975609756          0.02052438510576663
614.5631067961165         0.020936397198337234
611.5942028985506         0.0215829099454551
608.6538461538461         0.02249610580202053
605.7416267942583         0.023722370672875574
602.8571428571428         0.02532723421812724
599.9999999999999         0.027402933632934553
597.1698113207547         0.030080144082531114
594.3661971830985         0.03354654011373752
591.5887850467288         0.0380769217309057
588.8372093023255         0.04408358997515782
586.1111111111111         0.052203464194174
583.4101382488478         0.06345436781054249
580.7339449541283         0.07952621922206073
578.0821917808219         0.10334229410215773
575.4545454545454         0.1401574472822942
572.8506787330316         0.19959314322559116
570.2702702702702         0.2981750227265824
567.7130044843049         0.4534755323600268
565.1785714285713         0.6282321822903448
562.6666666666666         0.6547440703320746
560.1769911504424         0.4970599824604767
557.7092511013215         0.3298847443622502
555.2631578947368         0.21938080713552016
552.8384279475981         0.15262621104149454
550.4347826086956         0.11161033114827965
548.051948051948          0.08533587458554495
545.6896551724137         0.06777031598884654
543.3476394849785         0.05557876512417098
541.025641025641          0.04685033833205059
538.7234042553191         0.04044452891654269
536.4406779661016         0.03565386070098332
534.1772151898733         0.0320242554978572
531.9327731092436         0.02925575016135032
529.7071129707113         0.027145577337848493
527.4999999999999         0.025554428805128957
