791.2499999999999         0.16283597363540517
786.3354037267079         0.17785576725269062
781.4814814814814         0.19997901009957228
776.6871165644171         0.2319103762643312
771.951219512195          0.2779430318886584
767.2727272727273         0.3447367120402954
762.6506024096384         0.44188778171589355
758.0838323353291         0.5799303557236383
753.5714285714284         0.7576269267698678
749.1124260355028         0.9271109519540247
744.705882352941          0.9786662403130872
740.3508771929824         0.860326094530678
736.0465116279069         0.6647104355964141
731.7919075144507         0.4893373126494555
727.5862068965516         0.3613214673232284
723.4285714285713         0.27339471953448263
719.3181818181816         0.21321412068130338
715.2542372881354         0.17128769099699934
711.2359550561796         0.14135731035516566
707.262569832402          0.119437807362102
703.3333333333333         0.10297930906523287
699.4475138121546         0.09031775693031135
695.6043956043954         0.08033934895836471
691.8032786885245         0.07227869821578216
688.0434782608695         0.06559706953203827
684.3243243243243         0.05990844856917177
680.6451612903226         0.05493440920188878
677.0053475935828         0.05047626690807259
673.4042553191488         0.04639720907817595
669.8412698412698         0.04260958506399683
666.315789473684          0.039064297195373535
662.8272251308899         0.03574072609093133
659.3749999999999         0.032636898311504084
655.9585492227978         0.02976047087834165
652.5773195876288         0.027121395323122643
649.2307692307692         0.024726879464209654
645.9183673469387         0.0225787467671751
642.6395939086294         0.02067280805042934
639.3939393939393         0.018999598004746373
636.180904522613          0.01754581242210641
632.9999999999999         0.016295925825122046
629.8507462686566         0.015233666088459483
626.7326732673266         0.01434319756380923
623.6453201970443         0.013609985793084763
620.5882352941176         0.013021384871014676
617.560975609756          0.012567016664981154
614.5631067961165         0.01223901525951722
611.5942028985506         0.012032202600839889
608.6538461538461         0.01194425021059889
605.7416267942583         0.011975870969257757
602.8571428571428         0.012131075485721123
599.9999999999999         0.012417518535483884
597.1698113207547         0.012846949503524767
594.3661971830985         0.013435760925459384
591.5887850467288         0.014205590555130335
588.8372093023255         0.015183856245560323
586.1111111111111         0.016403957642454687
583.4101382488478         0.017904614924468137
580.7339449541283         0.019727369139668497
578.0821917808219         0.02191059987021306
575.4545454545454         0.02447763354666194
572.8506787330316         0.02741620032541107
570.2702702702702         0.03064823866147634
567.7130044843049         0.03399564520804031
565.1785714285713         0.03716081505401754
562.6666666666666         0.03975412098668791
560.1769911504424         0.041391903921557595
557.7092511013215         0.04183864897653521
555.2631578947368         0.04110786608794029
552.8384279475981         0.03944695484529846
550.4347826086956         0.03722240913100375
548.051948051948          0.03479126939468835
545.6896551724137         0.03242543052437726
543.3476394849785         0.030296336334773723
541.025641025641          0.028494292142947228
538.7234042553191         0.027057011502037105
536.4406779661016         0.02599435887426084
534.1772151898733         0.025305958122544783
531.9327731092436         0.02499277687533583
529.7071129707113         0.025064954805206405
527.4999999999999         0.025548035095857194
