791.2499999999999         0.9565916018380325
786.3354037267079         0.9357236020280811
781.4814814814814         0.8905529374962265
776.6871165644171         0.8283206289897
771.951219512195          0.757411839439807
767.2727272727273         0.6850624056310608
762.6506024096384         0.6162923152650255
758.0838323353291         0.5539166147878883
753.5714285714284         0.49908011759582693
749.1124260355028         0.45187154527192697
744.705882352941          0.4118123313460173
740.3508771929824         0.3781805755416929
736.0465116279069         0.3502003366219701
731.7919075144507         0.32714019973447905
727.5862068965516         0.3083573799688254
723.4285714285713         0.29331195576873514
719.3181818181816         0.28156624373107414
715.2542372881354         0.2727778548166148
711.2359550561796         0.26669101747418167
707.262569832402          0.2631284855336639
703.3333333333333         0.2619851088185539
699.4475138121546         0.263223490811837
695.6043956043954         0.2668718140012817
691.8032786885245         0.2730237061377824
688.0434782608695         0.2818398286299297
684.3243243243243         0.2935505852442264
680.6451612903226         0.30845885166599885
677.0053475935828         0.32694074507534565
673.4042553191488         0.34944094983939733
669.8412698412698         0.3764566866986168
666.315789473684          0.4085007737118249
662.8272251308899         0.4460294155901688
659.3749999999999         0.4893155074624256
655.9585492227978         0.5382471338114974
652.5773195876288         0.5920422409683581
649.2307692307692         0.6489085010555277
645.9183673469387         0.705754926602231
642.6395939086294         0.7581644259527346
639.3939393939393         0.8008833134096383
636.180904522613          0.828933736382952
632.9999999999999         0.8390553326570624
629.8507462686566         0.830786090599223
626.7326732673266         0.8065517310292264
623.6453201970443         0.7707353618727429
620.5882352941176         0.7283123198912362
617.560975609756          0.6837260059291858
614.5631067961165         0.6403222773340488
611.5942028985506         0.6002794054349724
608.6538461538461         0.5648127383222022
605.7416267942583         0.5344600000900169
602.8571428571428         0.5093396903252779
599.9999999999999         0.4893455917687033
597.1698113207547         0.4742779688242851
594.3661971830985         0.46392549661938365
591.5887850467288         0.45811321412182715
588.8372093023255         0.4567285894013425
586.1111111111111         0.4597337794298538
583.4101382488478         0.46716861256986403
580.7339449541283         0.47914586736859555
578.0821917808219         0.4958378183163983
575.4545454545454         0.5174504608652138
572.8506787330316         0.5441791558692757
570.2702702702702         0.5761368997175211
567.7130044843049         0.6132451499963468
565.1785714285713         0.6550797894884877
562.6666666666666         0.7006761817866859
560.1769911504424         0.7483233864948372
557.7092511013215         0.7954206787053625
555.2631578947368         0.8385164014852612
552.8384279475981         0.8736588567001053
550.4347826086956         0.8971027020858899
548.051948051948          0.906216503794454
545.6896551724137         0.9002337109898317
543.3476394849785         0.8804754007696615
541.025641025641          0.8499297023754292
538.7234042553191         0.8124194985945656
536.4406779661016         0.771751082218243
534.1772151898733         0.7311335432279142
531.9327731092436         0.6929427591301817
529.7071129707113         0.6587473721787532
527.4999999999999         0.6294694329596414
