791.2499999999999         0.0911029421800598
786.3354037267079         0.07742356613689956
781.4814814814814         0.0663848732565455
776.6871165644171         0.05745177514304862
771.951219512195          0.05019755138316318
767.2727272727273         0.04428526891549643
762.6506024096384         0.039450325944970194
758.0838323353291         0.035485442012476345
753.5714285714284         0.03222836343288906
749.1124260355028         0.02955207996141307
744.705882352941          0.027357179394520786
740.3508771929824         0.025565944323786387
736.0465116279069         0.0241178353082563
731.7919075144507         0.022966065318333832
727.5862068965516         0.022075032217010387
723.4285714285713         0.021418431771402822
719.3181818181816         0.02097792144010306
715.2542372881354         0.020742245823811848
711.2359550561796         0.020706770261784493
707.262569832402          0.02087340229374622
703.3333333333333         0.021250914841546415
699.4475138121546         0.021855724112547274
695.6043956043954         0.02271322502318184
691.8032786885245         0.023859855697357737
688.0434782608695         0.025346163290290654
684.3243243243243         0.027241297143087737
680.6451612903226         0.02963959752225988
677.0053475935828         0.0326703399225076
673.4042553191488         0.0365123434438491
669.8412698412698         0.04141624998444963
666.315789473684          0.047739182101070116
662.8272251308899         0.05599984760128964
659.3749999999999         0.06696820480484601
655.9585492227978         0.08181479530837404
652.5773195876288         0.10236470229811459
649.2307692307692         0.13153513972904063
645.9183673469387         0.17408349811452495
642.6395939086294         0.2378030471028293
639.3939393939393         0.3349549277664773
636.180904522613          0.4815801739895719
632.9999999999999         0.6844383996227588
629.8507462686566         0.8968978931302998
626.7326732673266         0.9914960327414558
623.6453201970443         0.9020563636316468
620.5882352941176         0.7247945813330804
617.560975609756          0.5597339043963961
614.5631067961165         0.43566371363134926
611.5942028985506         0.3477861588507427
608.6538461538461         0.28570187391332413
605.7416267942583         0.24103270060698007
602.8571428571428         0.20805918421748704
599.9999999999999         0.18301657901283278
597.1698113207547         0.16341676568938246
594.3661971830985         0.1475872156024253
591.5887850467288         0.13438441866489662
588.8372093023255         0.12302022422154314
586.1111111111111         0.11295604368267574
583.4101382488478         0.10383570878792953
580.7339449541283         0.09543885051496417
578.0821917808219         0.08764437502458272
575.4545454545454         0.08039919947401686
572.8506787330316         0.07369118895674254
570.2702702702702         0.06752713623803533
567.7130044843049         0.061916835877563255
565.1785714285713         0.05686347110153943
562.6666666666666         0.052359478454109945
560.1769911504424         0.04838637239896783
557.7092511013215         0.04491687752914181
555.2631578947368         0.04191799435120249
552.8384279475981         0.03935407540306826
550.4347826086956         0.03718941988556994
548.051948051948          0.03539021334713182
545.6896551724137         0.033925829685388674
543.3476394849785         0.032769601609591234
541.025641025641          0.03189918848662184
538.7234042553191         0.03129665733164223
536.4406779661016         0.030948363708111895
534.1772151898733         0.030844685574830843
531.9327731092436         0.030979629551985032
529.7071129707113         0.03135029708945873
527.4999999999999         0.031956167776952066
