791.2499999999999         0.11893803064355897
786.3354037267079         0.12745262275212801
781.4814814814814         0.13792266868969214
776.6871165644171         0.1505705527360402
771.951219512195          0.1656374036647318
767.2727272727273         0.1833644777185363
762.6506024096384         0.20396684892031902
758.0838323353291         0.22760011812647846
753.5714285714284         0.25432425137609405
749.1124260355028         0.28407315592735527
744.705882352941          0.31664248089926605
740.3508771929824         0.3517082937481512
736.0465116279069         0.3888826819072887
731.7919075144507         0.4277988075022039
727.5862068965516         0.4682023509159927
723.4285714285713         0.510016591618492
719.3181818181816         0.5533497327787542
715.2542372881354         0.5984229765020581
711.2359550561796         0.6454081858078687
707.262569832402          0.6941690844576899
703.3333333333333         0.7439046414454945
699.4475138121546         0.7927162072951216
695.6043956043954         0.8371899645241012
691.8032786885245         0.8722211597463229
688.0434782608695         0.8914545214281221
684.3243243243243         0.8886792217449273
680.6451612903226         0.8600279239324805
677.0053475935828         0.8059770795992094
673.4042553191488         0.7317608043518945
669.8412698412698         0.6457060900627507
666.315789473684          0.5565232057410467
662.8272251308899         0.47113470801810275
659.3749999999999         0.39383154570067413
655.9585492227978         0.326520672392033
652.5773195876288         0.2694410617256782
649.2307692307692         0.22187968783566583
645.9183673469387         0.18269601669537983
642.6395939086294         0.15064178161015693
639.3939393939393         0.12452865902376371
636.180904522613          0.1033013782075097
632.9999999999999         0.08605874276644301
629.8507462686566         0.0720489546784843
626.7326732673266         0.06065399032650765
623.6453201970443         0.05137062922514607
620.5882352941176         0.04379174782500243
617.560975609756          0.0375894091172489
614.5631067961165         0.03250024929482585
611.5942028985506         0.028313180667878926
608.6538461538461         0.02485922143455844
605.7416267942583         0.02200318716331453
602.8571428571428         0.01963696624115401
599.9999999999999         0.017674118019905663
597.1698113207547         0.01604556122877578
594.3661971830985         0.014696153076288465
591.5887850467288         0.013581992158061022
588.8372093023255         0.012668308825585763
586.1111111111111         0.011927834306054673
583.4101382488478         0.011339564617433222
580.7339449541283         0.010887857760581302
578.0821917808219         0.010561823818090073
575.4545454545454         0.010354989000357917
572.8506787330316         0.010265238673487432
570.2702702702702         0.010295074591596584
567.7130044843049         0.010452263864514798
565.1785714285713         0.010751021848581357
562.6666666666666         0.011213976605169327
560.1769911504424         0.011875343478271445
557.7092511013215         0.012786062344186251
555.2631578947368         0.014022254613614196
552.8384279475981         0.015699533376292776
550.4347826086956         0.01799809402138174
548.051948051948          0.02120862669918907
545.6896551724137         0.025820594426853236
543.3476394849785         0.032701648783315704
541.025641025641          0.04348396742956696
538.7234042553191         0.0614355542074261
536.4406779661016         0.09338200516137367
534.1772151898733         0.1523719215464594
531.9327731092436         0.24480965035166283
529.7071129707113         0.28701940814554205
527.4999999999999         0.20297140675364364
