791.2499999999999         0.04536154013647299
786.3354037267079         0.045475063421242454
781.4814814814814         0.04604149922583392
776.6871165644171         0.047051907839389916
771.951219512195          0.04850839038209575
767.2727272727273         0.05042196587401405
762.6506024096384         0.052810610082464335
758.0838323353291         0.055697204849324236
753.5714285714284         0.05910720100318027
749.1124260355028         0.06306587639102383
744.705882352941          0.06759520078048527
740.3508771929824         0.07271052431165509
736.0465116279069         0.07841758970017447
731.7919075144507         0.08471069383388304
727.5862068965516         0.09157309542321032
723.4285714285713         0.09898083066860486
719.3181818181816         0.10691080612032215
715.2542372881354         0.1153533397967579
711.2359550561796         0.1243283841874523
707.262569832402          0.13390387739948148
703.3333333333333         0.14421448432761783
699.4475138121546         0.15547965360940444
695.6043956043954         0.1680212741993718
691.8032786885245         0.18228276090233586
688.0434782608695         0.1988525008255974
684.3243243243243         0.21849464924799167
680.6451612903226         0.24218848752946887
677.0053475935828         0.2711722162124818
673.4042553191488         0.3069739877997786
669.8412698412698         0.3513832516725249
666.315789473684          0.4062534688184317
662.8272251308899         0.4729176606275049
659.3749999999999         0.5508740025952544
655.9585492227978         0.6354964567407094
652.5773195876288         0.7154950521581308
649.2307692307692         0.77314885695914
645.9183673469387         0.7912937768518342
642.6395939086294         0.7646248318961615
639.3939393939393         0.7038416706057622
636.180904522613          0.6275316432731863
632.9999999999999         0.5515414342639909
629.8507462686566         0.4847670403074525
626.7326732673266         0.4304049044672437
623.6453201970443         0.3885624336377549
620.5882352941176         0.3581919712028801
617.560975609756          0.33813584875209607
614.5631067961165         0.32761591917036115
611.5942028985506         0.32647888824475363
608.6538461538461         0.3353958167332171
605.7416267942583         0.3561434219339753
602.8571428571428         0.3920640749651851
599.9999999999999         0.4487385462508669
597.1698113207547         0.534522430434472
594.3661971830985         0.6587465624390765
591.5887850467288         0.8188607921492435
588.8372093023255         0.9601407895635756
586.1111111111111         0.9533996399554348
583.4101382488478         0.7574678403396837
580.7339449541283         0.5162681152065611
578.0821917808219         0.3352700647230542
575.4545454545454         0.22029129455177204
572.8506787330316         0.1495923150514723
570.2702702702702         0.1053942981048798
567.7130044843049         0.07688149579723495
565.1785714285713         0.05785796936379552
562.6666666666666         0.04475861071165747
560.1769911504424         0.035480157676956725
557.7092511013215         0.02874310440542649
555.2631578947368         0.023744669165312985
552.8384279475981         0.019966349259096093
550.4347826086956         0.017064267731384586
548.051948051948          0.014804866040106222
545.6896551724137         0.013026115014387472
543.3476394849785         0.011613492504606892
541.025641025641          0.01048474111643263
538.7234042553191         0.009579982833255393
536.4406779661016         0.008855182708485058
534.1772151898733         0.00827775587893653
531.9327731092436         0.007823578378174201
529.7071129707113         0.007474940143524134
527.4999999999999         0.007219148673817061
