791.2499999999999         0.13056993841553788
786.3354037267079         0.13369350790834336
781.4814814814814         0.13638352739140203
776.6871165644171         0.13869415860207923
771.951219512195          0.14073266584945532
767.2727272727273         0.14265162701247713
762.6506024096384         0.1446389402636219
758.0838323353291         0.14690879719940098
753.5714285714284         0.14969618290163403
749.1124260355028         0.1532564925326399
744.705882352941          0.15787101232884507
740.3508771929824         0.16385856964311987
736.0465116279069         0.1715936295632454
731.7919075144507         0.18153132490326837
727.5862068965516         0.1942399802005883
723.4285714285713         0.21044088789755053
719.3181818181816         0.2310517638809105
715.2542372881354         0.25722063400882095
711.2359550561796         0.29031243148695
707.262569832402          0.33175478401576297
703.3333333333333         0.3825396477730114
699.4475138121546         0.44202424214583225
695.6043956043954         0.505693350001522
691.8032786885245         0.5624999004705049
688.0434782608695         0.5951506469449006
684.3243243243243         0.5882159115293727
680.6451612903226         0.5406022422505404
677.0053475935828         0.4675529212949074
673.4042553191488         0.3887077193598641
669.8412698412698         0.31720037900777137
666.315789473684          0.25803953543838515
662.8272251308899         0.21128398550575328
659.3749999999999         0.17505363273384322
655.9585492227978         0.1471317306006866
652.5773195876288         0.1255731187237622
649.2307692307692         0.10884345159116371
645.9183673469387         0.09578647499294998
642.6395939086294         0.08554762388321709
639.3939393939393         0.07749982313670487
636.180904522613          0.07118388094328196
632.9999999999999         0.06626408277889252
629.8507462686566         0.06249630460646362
626.7326732673266         0.059705645889713325
623.6453201970443         0.05777113218529477
620.5882352941176         0.056615725903376456
617.560975609756          0.056200505513764494
614.5631067961165         0.05652240836331653
611.5942028985506         0.05761542758690935
608.6538461538461         0.05955568950245018
605.7416267942583         0.06247153287228182
602.8571428571428         0.06656075625643534
599.9999999999999         0.07211893122260747
597.1698113207547         0.07958573066423463
594.3661971830985         0.08962183097490589
591.5887850467288         0.10323958886543164
588.8372093023255         0.12203131209149594
586.1111111111111         0.148578906353379
583.4101382488478         0.18720189116815755
580.7339449541283         0.24530194608807784
578.0821917808219         0.3354784758699667
575.4545454545454         0.47678795275760877
572.8506787330316         0.6827081784543658
570.2702702702702         0.8961796005287326
567.7130044843049         0.9286410860251625
565.1785714285713         0.7318646173010285
562.6666666666666         0.5012948110504188
560.1769911504424         0.3373904007799296
557.7092511013215         0.23438754849369534
555.2631578947368         0.16988622121974178
552.8384279475981         0.12822443036023118
550.4347826086956         0.10028755987866561
548.051948051948          0.08088129060155994
545.6896551724137         0.06697951442348493
543.3476394849785         0.056759201809400396
541.025641025641          0.04908324384874049
538.7234042553191         0.043218938814350946
536.4406779661016         0.03868024163533201
534.1772151898733         0.03513648168939771
531.9327731092436         0.03235786092470267
529.7071129707113         0.0301819560213615
527.4999999999999         0.02849259237463692
