791.2499999999999         0.09459392033581451
786.3354037267079         0.08351456104218784
781.4814814814814         0.07755128131015927
776.6871165644171         0.07525096148073529
771.951219512195          0.07598376996143553
767.2727272727273         0.07963938054331664
762.6506024096384         0.08653304624324812
758.0838323353291         0.09744069971854574
753.5714285714284         0.11375134972436245
749.1124260355028         0.1377623947908646
744.705882352941          0.17315255294917922
740.3508771929824         0.22557077754147933
736.0465116279069         0.3027666083000588
731.7919075144507         0.4119447679087421
727.5862068965516         0.5489144947674487
723.4285714285713         0.6789975674739201
719.3181818181816         0.7443843325270467
715.2542372881354         0.7256309257764115
711.2359550561796         0.6621260769658563
707.262569832402          0.5984736319656759
703.3333333333333         0.5561819956084624
699.4475138121546         0.5417955816614083
695.6043956043954         0.5576179310615306
691.8032786885245         0.6052089460520059
688.0434782608695         0.6794221450264968
684.3243243243243         0.7451942171569839
680.6451612903226         0.7173709002150113
677.0053475935828         0.5560552964815532
673.4042553191488         0.36239040688199586
669.8412698412698         0.22184347257215967
666.315789473684          0.1371799509398832
662.8272251308899         0.0880559186682698
659.3749999999999         0.05899698126058133
655.9585492227978         0.041168732290403534
652.5773195876288         0.029796333402584533
649.2307692307692         0.02227252601557109
645.9183673469387         0.01712966277157402
642.6395939086294         0.013511798486151335
639.3939393939393         0.01090198260577687
636.180904522613          0.00897767055872087
632.9999999999999         0.007531564995725113
629.8507462686566         0.006426834549081584
626.7326732673266         0.005570973002080201
623.6453201970443         0.0049000873300570754
620.5882352941176         0.004369196955484206
617.560975609756          0.003946095594704095
614.5631067961165         0.003607379540836561
611.5942028985506         0.003335825022852295
608.6538461538461         0.003118624272286754
605.7416267942583         0.002946179378512683
602.8571428571428         0.0028112653815004435
599.9999999999999         0.0027084421695014586
597.1698113207547         0.0026336368888521602
594.3661971830985         0.0025838451387445597
591.5887850467288         0.0025569162698250245
588.8372093023255         0.0025513992280274834
586.1111111111111         0.0025664327624007315
583.4101382488478         0.002601668794062998
580.7339449541283         0.0026572211732362183
578.0821917808219         0.002733634485580134
575.4545454545454         0.002831869382478455
572.8506787330316         0.002953302373683482
570.2702702702702         0.0030997393497488273
567.7130044843049         0.0032734434869599615
565.1785714285713         0.003477179817081044
562.6666666666666         0.003714280818716092
560.1769911504424         0.003988740131165655
557.7092511013215         0.0043053451689659475
555.2631578947368         0.004669864356588746
552.8384279475981         0.005089311367780768
550.4347826086956         0.0055723178583082355
548.051948051948          0.006129658936344917
545.6896551724137         0.0067749941534358945
543.3476394849785         0.0075259148923350104
541.025641025641          0.008405433303118093
538.7234042553191         0.009444120000499925
536.4406779661016         0.010683218065175866
534.1772151898733         0.0121792663979194
531.9327731092436         0.014011124756957857
529.7071129707113         0.016290938166417992
527.4999999999999         0.019181775367597232
