791.2499999999999         0.09669178464722379
786.3354037267079         0.09319241545722484
781.4814814814814         0.09428051897553104
776.6871165644171         0.10043148452707305
771.951219512195          0.1132618161689308
767.2727272727273         0.136424678899572
762.6506024096384         0.17792125876140244
758.0838323353291         0.2561964220060727
753.5714285714284         0.41510448606658507
749.1124260355028         0.7251604674565046
744.705882352941          0.95522473496236
740.3508771929824         0.6168567577847724
736.0465116279069         0.30589477196896303
731.7919075144507         0.1638244444483484
727.5862068965516         0.09826694936992976
723.4285714285713         0.0646468493012669
719.3181818181816         0.045669191893020517
715.2542372881354         0.03411381166879716
711.2359550561796         0.026652304059059294
707.262569832402          0.02160938625734799
703.3333333333333         0.018078046975515336
699.4475138121546         0.015536854339990587
695.6043956043954         0.013670785441842758
691.8032786885245         0.01228146978033562
688.0434782608695         0.011239561953237468
684.3243243243243         0.010458194766562987
680.6451612903226         0.009877542351302403
677.0053475935828         0.009455510321627825
673.4042553191488         0.009161945250945625
669.8412698412698         0.008974944618579409
666.315789473684          0.00887847040725959
662.8272251308899         0.008860807989144504
659.3749999999999         0.008913602247565251
655.9585492227978         0.009031312469918836
652.5773195876288         0.009210991617563122
649.2307692307692         0.009452334052717788
645.9183673469387         0.009757961701961528
642.6395939086294         0.01013394219441863
639.3939393939393         0.010590563004430857
636.180904522613          0.011143432263029975
632.9999999999999         0.011815050220202105
629.8507462686566         0.012637110777040198
626.7326732673266         0.013653978138328984
623.6453201970443         0.014928095329642297
620.5882352941176         0.016548632539493933
617.560975609756          0.018645707399535746
614.5631067961165         0.02141449892382272
611.5942028985506         0.025157609181170815
608.6538461538461         0.030362551695930894
605.7416267942583         0.037850018616564986
602.8571428571428         0.04907123004117204
599.9999999999999         0.0667290443603014
597.1698113207547         0.09608379579185991
594.3661971830985         0.1473213252101699
591.5887850467288         0.2358047620278459
588.8372093023255         0.35197099439548657
586.1111111111111         0.3819188198555508
583.4101382488478         0.2814599337691759
580.7339449541283         0.17934829270887448
578.0821917808219         0.11667321277287253
575.4545454545454         0.08076686429967936
572.8506787330316         0.05946498632183069
570.2702702702702         0.046159695711450434
567.7130044843049         0.0374542580312564
565.1785714285713         0.03154602841580087
562.6666666666666         0.027430679562174706
560.1769911504424         0.024521426173532958
557.7092511013215         0.022460904187146462
555.2631578947368         0.021023883594841312
552.8384279475981         0.020064532375238617
550.4347826086956         0.01948649424175597
548.051948051948          0.019225116441110735
545.6896551724137         0.019236352206610446
543.3476394849785         0.0194894014408383
541.025641025641          0.01996146143916107
538.7234042553191         0.02063368738034622
536.4406779661016         0.021487923017159398
534.1772151898733         0.022504106757365472
531.9327731092436         0.023658541735178146
529.7071129707113         0.0249234182976551
527.4999999999999         0.02626801142337232
