791.2499999999999         0.9062997577714156
786.3354037267079         0.9322751646059821
781.4814814814814         0.9530395221019691
776.6871165644171         0.9687740308941205
771.951219512195          0.9799560274593722
767.2727272727273         0.9872733531283643
762.6506024096384         0.9915270052117106
758.0838323353291         0.993539916183017
753.5714285714284         0.9940833275248608
749.1124260355028         0.9938251620894393
744.705882352941          0.9932993641475004
740.3508771929824         0.9928922097842278
736.0465116279069         0.9928408203053821
731.7919075144507         0.9932397771758287
727.5862068965516         0.9940530616780338
723.4285714285713         0.9951299437565161
719.3181818181816         0.9962245561746564
715.2542372881354         0.9970195053851346
711.2359550561796         0.9971538897300949
707.262569832402          0.9962555137228328
703.3333333333333         0.9939760184448944
699.4475138121546         0.9900263558966329
695.6043956043954         0.9842089206142287
691.8032786885245         0.9764421641704066
688.0434782608695         0.9667739909846162
684.3243243243243         0.955381712694533
680.6451612903226         0.9425585002992592
677.0053475935828         0.9286885126954237
673.4042553191488         0.9142145409290697
669.8412698412698         0.8996026462764198
666.315789473684          0.885307812213687
662.8272251308899         0.8717433468136541
659.3749999999999         0.8592551212905699
655.9585492227978         0.8481001671584071
652.5773195876288         0.8384280069161957
649.2307692307692         0.8302625437858467
645.9183673469387         0.8234824856403715
642.6395939086294         0.8177992410060115
639.3939393939393         0.812733194379919
636.180904522613          0.8075924856749783
632.9999999999999         0.8014629563540996
629.8507462686566         0.7932231880920771
626.7326732673266         0.7816025384241432
623.6453201970443         0.7652987825105441
620.5882352941176         0.7431602023547242
617.560975609756          0.7144118938548469
614.5631067961165         0.6788733291776092
611.5942028985506         0.6370915291392938
608.6538461538461         0.5903239679698834
605.7416267942583         0.540355110701153
602.8571428571428         0.48919799621485727
599.9999999999999         0.43877678101014933
597.1698113207547         0.39068154239986713
594.3661971830985         0.34604237070551297
591.5887850467288         0.30551822672589873
588.8372093023255         0.26936391398706755
586.1111111111111         0.2375319744049534
583.4101382488478         0.20977637707032787
580.7339449541283         0.185739689360417
578.0821917808219         0.16501759296044208
575.4545454545454         0.14720189767695338
572.8506787330316         0.13190634207724927
570.2702702702702         0.11878003560092695
567.7130044843049         0.10751274705128039
565.1785714285713         0.09783522445281034
562.6666666666666         0.08951675797305568
560.1769911504424         0.0823614225402032
557.7092511013215         0.07620387832904149
555.2631578947368         0.07090523108363257
552.8384279475981         0.06634921380547748
550.4347826086956         0.062438804906503186
548.051948051948          0.05909331336557149
545.6896551724137         0.05624591598948128
543.3476394849785         0.05384161031553764
541.025641025641          0.05183553918926584
538.7234042553191         0.05019164350430661
536.4406779661016         0.04888160434969174
534.1772151898733         0.04788404279084129
531.9327731092436         0.04718395363415694
529.7071129707113         0.04677235834903982
527.4999999999999         0.046646171826113865
