791.2499999999999         0.1688851828510344
786.3354037267079         0.20788056968567667
781.4814814814814         0.2552672550304045
776.6871165644171         0.3045019804980379
771.951219512195          0.33925687089964635
767.2727272727273         0.34014766668073104
762.6506024096384         0.30433829878508734
758.0838323353291         0.24984573646745775
753.5714285714284         0.1961450872939859
749.1124260355028         0.15215480517863997
744.705882352941          0.11885445589716119
740.3508771929824         0.0943250549520599
736.0465116279069         0.07630454324360493
731.7919075144507         0.06295503962947278
727.5862068965516         0.05294109432904418
723.4285714285713         0.04532844640368472
719.3181818181816         0.03946918056379265
715.2542372881354         0.034912175332471346
711.2359550561796         0.031340412208425907
707.262569832402          0.028528723421981872
703.3333333333333         0.026315626976885415
699.4475138121546         0.024584543559979286
695.6043956043954         0.02325121303828537
691.8032786885245         0.022255231883636675
688.0434782608695         0.021554371176396796
684.3243243243243         0.021120814747225124
680.6451612903226         0.020938766264864298
677.0053475935828         0.021003071863502285
673.4042553191488         0.021318625958468923
669.8412698412698         0.021900385945742867
666.315789473684          0.022773807346819143
662.8272251308899         0.023975381785062342
659.3749999999999         0.02555261466068579
655.9585492227978         0.027562014705269918
652.5773195876288         0.030062132171879537
649.2307692307692         0.03309593001016154
645.9183673469387         0.03665283753879234
642.6395939086294         0.04059849970725304
639.3939393939393         0.04457058606939751
636.180904522613          0.04788582650939068
632.9999999999999         0.04959482528042549
629.8507462686566         0.04884589813949021
626.7326732673266         0.04544391719688117
623.6453201970443         0.04007733902205134
620.5882352941176         0.03390400975015627
617.560975609756          0.027928359784231055
614.5631067961165         0.022706761159213634
611.5942028985506         0.018405071371641622
608.6538461538461         0.014970299166332208
605.7416267942583         0.012266020392185285
602.8571428571428         0.010144688047669824
599.9999999999999         0.008476666821696953
597.1698113207547         0.00715749957523204
594.3661971830985         0.006106349668967286
591.5887850467288         0.005261792760171105
588.8372093023255         0.0045774573626956114
586.1111111111111         0.004018332559603594
583.4101382488478         0.0035578827824639327
580.7339449541283         0.0031758758456445864
578.0821917808219         0.002856775878133351
575.4545454545454         0.002588562123071285
572.8506787330316         0.002361861333315714
570.2702702702702         0.0021693086990330563
567.7130044843049         0.00200507480053996
565.1785714285713         0.0018645133188935135
562.6666666666666         0.0017438969117535312
560.1769911504424         0.0016402178054589999
557.7092511013215         0.0015510361935258583
555.2631578947368         0.0014743641964272837
552.8384279475981         0.0014085764684554863
550.4347826086956         0.0013523409240493106
548.051948051948          0.0013045647741950594
545.6896551724137         0.00126435230783716
543.3476394849785         0.0012309717602597325
541.025641025641          0.0012038292763152008
538.7234042553191         0.0011824484690752992
536.4406779661016         0.0011664544421091413
534.1772151898733         0.0011555614205557261
531.9327731092436         0.0011495633471427865
529.7071129707113         0.0011483269622163154
527.4999999999999         0.0011517870148138169
