791.2499999999999         0.4244814490084742
786.3354037267079         0.4315888177867547
781.4814814814814         0.44339529104041675
776.6871165644171         0.4602926823199466
771.951219512195          0.48271959889110444
767.2727272727273         0.5111246575466483
762.6506024096384         0.5458842546233325
758.0838323353291         0.5871521692693952
753.5714285714284         0.6346163975740893
749.1124260355028         0.6871535816326504
744.705882352941          0.7424235075425726
740.3508771929824         0.7965531415649459
736.0465116279069         0.8441967118983061
731.7919075144507         0.8792980074830589
727.5862068965516         0.8966174406680428
723.4285714285713         0.8934949840073
719.3181818181816         0.8708655276504493
715.2542372881354         0.832856580316636
711.2359550561796         0.7852553090662031
707.262569832402          0.7337970557388321
703.3333333333333         0.6830509233539426
699.4475138121546         0.6360718708675939
695.6043956043954         0.5945709134524481
691.8032786885245         0.5592866490081423
688.0434782608695         0.5303532870497651
684.3243243243243         0.5075832380285853
680.6451612903226         0.4906551708561262
677.0053475935828         0.4792266919860471
673.4042553191488         0.47299504744692333
669.8412698412698         0.47172452964580364
666.315789473684          0.4752529196908133
662.8272251308899         0.4834839172779236
659.3749999999999         0.49636862135200793
655.9585492227978         0.5138766166149247
652.5773195876288         0.5359560086837141
649.2307692307692         0.5624820145546858
645.9183673469387         0.5931959038320456
642.6395939086294         0.6276406569449225
639.3939393939393         0.6651064781832701
636.180904522613          0.7046064399021787
632.9999999999999         0.7449057372223673
629.8507462686566         0.7846212983459857
626.7326732673266         0.8223879008929273
623.6453201970443         0.8570564457870445
620.5882352941176         0.8878639367617526
617.560975609756          0.9145106001588882
614.5631067961165         0.9371040737186102
611.5942028985506         0.9559713900359765
608.6538461538461         0.97137461459731
605.7416267942583         0.98318301217679
602.8571428571428         0.9905611431100246
599.9999999999999         0.9917489050613308
597.1698113207547         0.9840492185428887
594.3661971830985         0.9641795083532821
591.5887850467288         0.9291048466301796
588.8372093023255         0.8772502062725999
586.1111111111111         0.8096112070962195
583.4101382488478         0.7300608017561976
580.7339449541283         0.6444816650777705
578.0821917808219         0.5591252286445557
575.4545454545454         0.47908965282401733
572.8506787330316         0.40756530271208075
570.2702702702702         0.3458819311217973
567.7130044843049         0.29400138360841016
565.1785714285713         0.2510891165813977
562.6666666666666         0.21596662608098835
560.1769911504424         0.1873989246092202
557.7092511013215         0.16424618323365248
555.2631578947368         0.14552627158447068
552.8384279475981         0.13042729870205944
550.4347826086956         0.11829611408185724
548.051948051948          0.10861779643282021
545.6896551724137         0.10099393692496424
543.3476394849785         0.095123335033518
541.025641025641          0.09078653435792669
538.7234042553191         0.08783461824624807
536.4406779661016         0.08618233934143121
534.1772151898733         0.08580567619611164
531.9327731092436         0.08674413601948233
529.7071129707113         0.08910846098983044
527.4999999999999         0.09309472682498132
