791.2499999999999         0.675785210766772
786.3354037267079         0.6394362107848971
781.4814814814814         0.609981012983257
776.6871165644171         0.5879429967855612
771.951219512195          0.5734219271099125
767.2727272727273         0.5663728387126575
762.6506024096384         0.5667654945675827
758.0838323353291         0.5746629731759985
753.5714285714284         0.5902430588154557
749.1124260355028         0.6137686916697654
744.705882352941          0.6454964146830259
740.3508771929824         0.6854949755896558
736.0465116279069         0.7333341530324742
731.7919075144507         0.7876116575959334
727.5862068965516         0.8453477196872001
723.4285714285713         0.901438891509788
719.3181818181816         0.9486203227048327
715.2542372881354         0.9785416388496522
711.2359550561796         0.9841761189683467
707.262569832402          0.9626653639950543
703.3333333333333         0.9167575374202249
699.4475138121546         0.8536760933904654
695.6043956043954         0.7822445689472091
691.8032786885245         0.7101952027337602
688.0434782608695         0.6428563997176246
684.3243243243243         0.5831363659322568
680.6451612903226         0.5321425294946187
677.0053475935828         0.4898898829487021
673.4042553191488         0.45585277061863183
669.8412698412698         0.4293206515017783
666.315789473684          0.40960047798783505
662.8272251308899         0.3961208313078063
659.3749999999999         0.38848094729269544
655.9585492227978         0.3864725079811967
652.5773195876288         0.3900900137705566
649.2307692307692         0.39953690204560804
645.9183673469387         0.41522750171050743
642.6395939086294         0.43777679667864977
639.3939393939393         0.4679574240801442
636.180904522613          0.5065820961780212
632.9999999999999         0.5542363991213664
629.8507462686566         0.6107481291426513
626.7326732673266         0.6742770181948835
623.6453201970443         0.7400666476195374
620.5882352941176         0.7994196039054255
617.560975609756          0.8402968624032956
614.5631067961165         0.8510442212099463
611.5942028985506         0.8263294418632823
608.6538461538461         0.7707108412641317
605.7416267942583         0.6961495231000425
602.8571428571428         0.6158241244447759
599.9999999999999         0.5394668823512964
597.1698113207547         0.47224864488043666
594.3661971830985         0.4158628981918361
591.5887850467288         0.37004069970120756
588.8372093023255         0.33367942321195787
586.1111111111111         0.30548770866211805
583.4101382488478         0.28429231307038483
580.7339449541283         0.26915869633906103
578.0821917808219         0.2594254113751601
575.4545454545454         0.25470748773993374
572.8506787330316         0.2548964414373188
570.2702702702702         0.2601693895544902
567.7130044843049         0.27100993808609736
565.1785714285713         0.2882311178870531
562.6666666666666         0.3129627589635383
560.1769911504424         0.34649590589523355
557.7092511013215         0.3897171769057568
555.2631578947368         0.441586141755839
552.8384279475981         0.49599459033367344
550.4347826086956         0.5378903164554731
548.051948051948          0.5449596091230444
545.6896551724137         0.5031738713452137
543.3476394849785         0.42361570314502905
541.025641025641          0.33350304482881804
538.7234042553191         0.253642124653734
536.4406779661016         0.19116984105658014
534.1772151898733         0.14499895678702285
531.9327731092436         0.11153287963940979
529.7071129707113         0.08727775292992146
527.4999999999999         0.06953431242169704
