791.2499999999999         0.5357148506114275
786.3354037267079         0.4157130719867545
781.4814814814814         0.31387835580124057
776.6871165644171         0.23945957017637362
771.951219512195          0.187233891386987
767.2727272727273         0.15051657470807134
762.6506024096384         0.12426055717722008
758.0838323353291         0.1050838305174572
753.5714285714284         0.09078017413180053
749.1124260355028         0.0799030463725301
744.705882352941          0.07148733814196
740.3508771929824         0.0648746531781253
736.0465116279069         0.05960485956485044
731.7919075144507         0.05534826633679879
727.5862068965516         0.0518625885329236
723.4285714285713         0.048965223453052605
719.3181818181816         0.046515188232427535
715.2542372881354         0.044401319817588214
711.2359550561796         0.04253465032152287
707.262569832402          0.0408436245175034
703.3333333333333         0.03927124575029181
699.4475138121546         0.037773460103726904
695.6043956043954         0.03631821119529071
691.8032786885245         0.03488469005416131
688.0434782608695         0.03346241460197126
684.3243243243243         0.03204992125407875
680.6451612903226         0.03065302471162575
677.0053475935828         0.02928276398427263
673.4042553191488         0.027953260847427962
669.8412698412698         0.026679746235662757
666.315789473684          0.025476964552928288
662.8272251308899         0.02435807425624657
659.3749999999999         0.023334062853408968
655.9585492227978         0.022413615619378505
652.5773195876288         0.02160333390664114
649.2307692307692         0.0209081898804321
645.9183673469387         0.02033212005836026
642.6395939086294         0.019878688395175228
639.3939393939393         0.01955178148040911
636.180904522613          0.019356328419087434
632.9999999999999         0.0192990646596343
629.8507462686566         0.01938938379169908
626.7326732673266         0.019640347575639483
623.6453201970443         0.020069957409330513
620.5882352941176         0.020702837700285442
617.560975609756          0.0215725548895857
614.5631067961165         0.022724914395104635
611.5942028985506         0.024222774893454493
608.6538461538461         0.026153255608008998
605.7416267942583         0.0286388010401875
602.8571428571428         0.03185462886967045
599.9999999999999         0.03605706190200255
597.1698113207547         0.04163105043244152
594.3661971830985         0.04917279583953775
591.5887850467288         0.05963914307798343
588.8372093023255         0.07462907605589394
586.1111111111111         0.09693532885529467
583.4101382488478         0.13165198133875164
580.7339449541283         0.18832420347007534
578.0821917808219         0.2840065015448308
575.4545454545454         0.43858447828168434
572.8506787330316         0.6152401443831416
570.2702702702702         0.6323981441320887
567.7130044843049         0.4635904470376411
565.1785714285713         0.2988091642891306
562.6666666666666         0.19499849724665322
560.1769911504424         0.13395552590421841
557.7092511013215         0.09702834541439775
555.2631578947368         0.07359784719874835
552.8384279475981         0.058029055241253014
550.4347826086956         0.04726518245958846
548.051948051948          0.039575377035946616
545.6896551724137         0.033934716102075727
543.3476394849785         0.029710804351045558
541.025641025641          0.02649911318669446
538.7234042553191         0.024032799675216005
536.4406779661016         0.022131329378345953
534.1772151898733         0.0206701451412549
531.9327731092436         0.01956219711936663
529.7071129707113         0.018746404684187347
527.4999999999999         0.018180314240844726
