791.2499999999999         0.5429305765050937
786.3354037267079         0.5693464815582273
781.4814814814814         0.5866902667581254
776.6871165644171         0.5914923180390664
771.951219512195          0.5815088916167789
767.2727272727273         0.5566030562427262
762.6506024096384         0.519020946285011
758.0838323353291         0.47280753585371227
753.5714285714284         0.4226399475119276
749.1124260355028         0.372683947868742
744.705882352941          0.32593154738682667
740.3508771929824         0.28408795431826983
736.0465116279069         0.24780810286033766
731.7919075144507         0.2170457787936661
727.5862068965516         0.19136669461033168
723.4285714285713         0.17017222954037323
719.3181818181816         0.15283639108568992
715.2542372881354         0.13877856205697972
711.2359550561796         0.1274954866097024
707.262569832402          0.11857025804965701
703.3333333333333         0.11166987227021767
699.4475138121546         0.10653818554676678
695.6043956043954         0.10298803668597435
691.8032786885245         0.10089447716130334
688.0434782608695         0.10019006934848258
684.3243243243243         0.10086273462459505
680.6451612903226         0.10295644167316281
677.0053475935828         0.1065749795127431
673.4042553191488         0.11188905633051395
669.8412698412698         0.11914689963419126
666.315789473684          0.12868825391701377
662.8272251308899         0.14096091958367427
659.3749999999999         0.15653730637686486
655.9585492227978         0.17612519064249152
652.5773195876288         0.2005611008230897
649.2307692307692         0.2307660606369216
645.9183673469387         0.267633634092178
642.6395939086294         0.31181747289555106
639.3939393939393         0.36340908436287334
636.180904522613          0.42157265205880384
632.9999999999999         0.4843322196014775
629.8507462686566         0.5487951586818152
626.7326732673266         0.611959315834795
623.6453201970443         0.6718285508549574
620.5882352941176         0.728176852718316
617.560975609756          0.7823929446176449
614.5631067961165         0.8362974367624633
611.5942028985506         0.8900880358722023
608.6538461538461         0.9395150847992347
605.7416267942583         0.9728748249027592
602.8571428571428         0.9707717067252343
599.9999999999999         0.9144364337501095
597.1698113207547         0.8023348611808928
594.3661971830985         0.6575296706085915
591.5887850467288         0.5123356288446486
588.8372093023255         0.38842302697011777
586.1111111111111         0.29223591035737706
583.4101382488478         0.22112085746485396
580.7339449541283         0.16956605909547678
578.0821917808219         0.13229540571992934
575.4545454545454         0.10518092812309841
572.8506787330316         0.08524262037848825
570.2702702702702         0.07039841559802716
567.7130044843049         0.05920826372774698
565.1785714285713         0.05067489904473238
562.6666666666666         0.04410285834834591
560.1769911504424         0.03900249820825882
557.7092511013215         0.03502555774721545
555.2631578947368         0.03192198538270568
552.8384279475981         0.029510896224787395
550.4347826086956         0.027660904232532563
548.051948051948          0.02627670714522124
545.6896551724137         0.025289881609219113
543.3476394849785         0.024652547050245922
541.025641025641          0.02433300868559764
538.7234042553191         0.024312778605108533
536.4406779661016         0.024584553277889314
534.1772151898733         0.025150828292943888
531.9327731092436         0.026022873489528604
529.7071129707113         0.0272197802617214
527.4999999999999         0.02876722810175805
