791.2499999999999         0.41278488748791176
786.3354037267079         0.47491862949314095
781.4814814814814         0.5402853383964256
776.6871165644171         0.605485437859405
771.951219512195          0.6653685898226644
767.2727272727273         0.7134949704420448
762.6506024096384         0.7435943877700316
758.0838323353291         0.7517040915578405
753.5714285714284         0.7378367375032375
749.1124260355028         0.7060044224637043
744.705882352941          0.6625752183010593
740.3508771929824         0.6141158578353585
736.0465116279069         0.5658912363760311
731.7919075144507         0.5213718529068468
727.5862068965516         0.4824428235253709
723.4285714285713         0.4498770786143976
719.3181818181816         0.42379381785699893
715.2542372881354         0.4039996009288164
711.2359550561796         0.39020852263635863
707.262569832402          0.38217187826075527
703.3333333333333         0.379749334251046
699.4475138121546         0.3829443962147102
695.6043956043954         0.39191585649031313
691.8032786885245         0.40696564498344445
688.0434782608695         0.4284905903882621
684.3243243243243         0.4568685432887786
680.6451612903226         0.49222747807370215
677.0053475935828         0.5340280528041914
673.4042553191488         0.5804098853334846
669.8412698412698         0.627390182768123
666.315789473684          0.6683566105238904
662.8272251308899         0.6947542067760806
659.3749999999999         0.6987358879390101
655.9585492227978         0.6769618627214345
652.5773195876288         0.6327277812388066
649.2307692307692         0.5743322472004047
645.9183673469387         0.5111033604182887
642.6395939086294         0.45022618430481987
639.3939393939393         0.3957787542087145
636.180904522613          0.34930257191088615
632.9999999999999         0.3107954633106527
629.8507462686566         0.27952169390276443
626.7326732673266         0.25450966711018963
623.6453201970443         0.23480548460470274
620.5882352941176         0.21957932720328155
617.560975609756          0.20815577439828115
614.5631067961165         0.200009806590216
611.5942028985506         0.19475006017630656
608.6538461538461         0.19209933846409294
605.7416267942583         0.1918763450317624
602.8571428571428         0.19397962395389004
599.9999999999999         0.19837325372009096
597.1698113207547         0.20507314906455487
594.3661971830985         0.21413252552885625
591.5887850467288         0.22562511767084406
588.8372093023255         0.23962527727807736
586.1111111111111         0.2561854384330247
583.4101382488478         0.2753139619344343
580.7339449541283         0.296960071843567
578.0821917808219         0.32101659996659887
575.4545454545454         0.3473533745324045
572.8506787330316         0.3758912929635316
570.2702702702702         0.4067175606774137
567.7130044843049         0.44022829337596076
565.1785714285713         0.47727151553550534
562.6666666666666         0.5192549311537075
560.1769911504424         0.5681681476965044
557.7092511013215         0.6264115545250046
555.2631578947368         0.6961497200531966
552.8384279475981         0.7775158853757211
550.4347826086956         0.8644767521974808
548.051948051948          0.9378897869625006
545.6896551724137         0.961742809577389
543.3476394849785         0.9003672166303067
541.025641025641          0.7574248339238282
538.7234042553191         0.5820674100321246
536.4406779661016         0.4235931916084636
534.1772151898733         0.3019580095186587
531.9327731092436         0.21556187893305956
529.7071129707113         0.15591249856614564
527.4999999999999         0.11483664675285801
