791.2499999999999         0.2537328871460841
786.3354037267079         0.23856857031544143
781.4814814814814         0.22442065386577356
776.6871165644171         0.21139091061465426
771.951219512195          0.19950517459466513
767.2727272727273         0.18873767720350237
762.6506024096384         0.1790300556238859
758.0838323353291         0.17030530511455633
753.5714285714284         0.16247751767088506
749.1124260355028         0.1554583795483891
744.705882352941          0.14916131488341444
740.3508771929824         0.14350399814637618
736.0465116279069         0.13840978475023816
731.7919075144507         0.13380845691729334
727.5862068965516         0.12963655956537407
723.4285714285713         0.12583750737182803
719.3181818181816         0.12236157473021653
715.2542372881354         0.11916583008496998
711.2359550561796         0.11621404104269459
707.262569832402          0.11347655375467315
703.3333333333333         0.11093013727372
699.4475138121546         0.10855777931026639
695.6043956043954         0.10634842251206793
691.8032786885245         0.10429663831613191
688.0434782608695         0.10240224653132071
684.3243243243243         0.10066990091818391
680.6451612903226         0.09910867211946396
677.0053475935828         0.09773166785744061
673.4042553191488         0.09655573566082677
669.8412698412698         0.09560129576083612
666.315789473684          0.09489235232769143
662.8272251308899         0.09445673172006581
659.3749999999999         0.09432659915978896
655.9585492227978         0.09453931278586031
652.5773195876288         0.0951386892543305
649.2307692307692         0.09617678135688938
645.9183673469387         0.09771631007221102
642.6395939086294         0.0998339576478032
639.3939393939393         0.10262482493344446
636.180904522613          0.10620850142702959
632.9999999999999         0.1107374163513304
629.8507462686566         0.11640847560159445
626.7326732673266         0.12347951078639287
623.6453201970443         0.13229288320447796
620.5882352941176         0.1433098738449015
617.560975609756          0.15716152215045023
614.5631067961165         0.17472473142655928
611.5942028985506         0.19723712397187768
608.6538461538461         0.22647010923634775
605.7416267942583         0.2649837568494586
602.8571428571428         0.3164745440041092
599.9999999999999         0.3861422982910226
597.1698113207547         0.48066192848760797
594.3661971830985         0.6062503581798788
591.5887850467288         0.7607978292684647
588.8372093023255         0.915133251340951
586.1111111111111         0.9985362283243693
583.4101382488478         0.9463120708081368
580.7339449541283         0.7852729905138176
578.0821917808219         0.6006413473351782
575.4545454545454         0.44595142747667305
572.8506787330316         0.33167558290256044
570.2702702702702         0.2506841196198336
567.7130044843049         0.19349196134842236
565.1785714285713         0.152610248720557
562.6666666666666         0.12285697581368497
560.1769911504424         0.1007809449588253
557.7092511013215         0.08409267652979302
555.2631578947368         0.0712578887176836
552.8384279475981         0.06123199428314812
550.4347826086956         0.05329108689432106
548.051948051948          0.04692445994540332
545.6896551724137         0.041765593320071875
543.3476394849785         0.03754720150993739
541.025641025641          0.03407147821281981
538.7234042553191         0.031190072506314764
536.4406779661016         0.02879039509538866
534.1772151898733         0.02678610922379106
531.9327731092436         0.025110432967141955
529.7071129707113         0.0237113604727403
527.4999999999999         0.02254821354998457
