791.2499999999999         0.03127394430185493
786.3354037267079         0.029997236373809365
781.4814814814814         0.029310898319670108
776.6871165644171         0.02915112028147256
771.951219512195          0.029488396109029435
767.2727272727273         0.03032269058438543
762.6506024096384         0.031681784184833764
758.0838323353291         0.033622396768026766
753.5714285714284         0.03623404433496529
749.1124260355028         0.03964590838596572
744.705882352941          0.04403730823189116
740.3508771929824         0.04965265312759662
736.0465116279069         0.056821935269204815
731.7919075144507         0.06598766624232806
727.5862068965516         0.07773804893884913
723.4285714285713         0.09284270800402597
719.3181818181816         0.11227849699615139
715.2542372881354         0.13721322002722186
711.2359550561796         0.1688768333893505
707.262569832402          0.2081913680417374
703.3333333333333         0.2549910119689107
699.4475138121546         0.30679422094298575
695.6043956043954         0.3576632328158768
691.8032786885245         0.3986197649912714
688.0434782608695         0.42094177878443884
684.3243243243243         0.42080864504938986
680.6451612903226         0.4010978988606001
677.0053475935828         0.36877514223412017
673.4042553191488         0.3309468414695885
669.8412698412698         0.29265419507511103
666.315789473684          0.25665421949897316
662.8272251308899         0.22407645945411023
659.3749999999999         0.1951323902218244
655.9585492227978         0.16960629662033985
652.5773195876288         0.14713311745035615
649.2307692307692         0.12733518671452013
645.9183673469387         0.10987920315858062
642.6395939086294         0.09449179292717726
639.3939393939393         0.08095499621753437
636.180904522613          0.06909324744027319
632.9999999999999         0.0587584028811683
629.8507462686566         0.04981668811264408
626.7326732673266         0.04213962628497994
623.6453201970443         0.03559950538285551
620.5882352941176         0.03006875570584448
617.560975609756          0.025421916017250884
614.5631067961165         0.021538727434216177
611.5942028985506         0.01830717559435416
608.6538461538461         0.01562577056644458
605.7416267942583         0.013404802955157613
602.8571428571428         0.011566630910828296
599.9999999999999         0.0100452159052781
597.1698113207547         0.00878516875716532
594.3661971830985         0.0077405403419325705
591.5887850467288         0.006873534954893917
588.8372093023255         0.006153264666558176
586.1111111111111         0.005554613004993096
583.4101382488478         0.0050572397584948145
580.7339449541283         0.004644734745031463
578.0821917808219         0.0043039143611795835
575.4545454545454         0.004024247696847915
572.8506787330316         0.00379739654112132
570.2702702702702         0.003616853917030901
567.7130044843049         0.003477667680367344
565.1785714285713         0.0033762384939833743
562.6666666666666         0.0033101848029505583
560.1769911504424         0.003278271224486605
557.7092511013215         0.0032804012062357026
555.2631578947368         0.0033176803265908754
552.8384279475981         0.003392563977191233
550.4347826086956         0.0035091136694835154
548.051948051948          0.003673402020049625
545.6896551724137         0.0038941313444165178
543.3476394849785         0.004183571372818451
541.025641025641          0.004558990030577009
538.7234042553191         0.005044870392385471
536.4406779661016         0.005676421553927485
534.1772151898733         0.006505292135491161
531.9327731092436         0.007609175213374772
529.7071129707113         0.009108581967128946
527.4999999999999         0.011197468016405383
