791.2499999999999         0.25467823967011827
786.3354037267079         0.24953997979697515
781.4814814814814         0.2443090861791972
776.6871165644171         0.23926287553691075
771.951219512195          0.2346513429046227
767.2727272727273         0.2306956486430047
762.6506024096384         0.22759187639375725
758.0838323353291         0.2255185774760727
753.5714285714284         0.22464691513091836
749.1124260355028         0.22515271854543975
744.705882352941          0.22723031208553415
740.3508771929824         0.23110854006565343
736.0465116279069         0.23706996464028543
731.7919075144507         0.24547481376999578
727.5862068965516         0.2567919452285653
723.4285714285713         0.27163988007666906
719.3181818181816         0.29084170501708684
715.2542372881354         0.3154977663271988
711.2359550561796         0.34707777787842986
707.262569832402          0.3875242113884677
703.3333333333333         0.43932844324555353
699.4475138121546         0.5054580522503785
695.6043956043954         0.588810841344204
691.8032786885245         0.6904604088080962
688.0434782608695         0.8054752425404786
684.3243243243243         0.9159260020068342
680.6451612903226         0.9866810069250637
677.0053475935828         0.9792847884649423
673.4042553191488         0.8855725353496687
669.8412698412698         0.7397666755515455
666.315789473684          0.5874435995348268
662.8272251308899         0.4559469397426187
659.3749999999999         0.35262935129430023
655.9585492227978         0.2747436118693722
652.5773195876288         0.21678748653943886
649.2307692307692         0.17358949108704758
645.9183673469387         0.1411066660480497
642.6395939086294         0.11638759537982445
639.3939393939393         0.09733093256607733
636.180904522613          0.08244847243067699
632.9999999999999         0.0706817233084877
629.8507462686566         0.061271041911841836
626.7326732673266         0.05366515116195202
623.6453201970443         0.04745917924744682
620.5882352941176         0.04235218885599283
617.560975609756          0.038117879161863176
614.5631067961165         0.034584188755956785
611.5942028985506         0.03161894569501695
608.6538461538461         0.029119660683741774
605.7416267942583         0.027006187554219817
602.8571428571428         0.02521538975495984
599.9999999999999         0.023697226163075485
597.1698113207547         0.022411852711001785
594.3661971830985         0.02132745960949871
591.5887850467288         0.02041864778184098
588.8372093023255         0.01966520577164713
586.1111111111111         0.01905118852517725
583.4101382488478         0.018564227802934454
580.7339449541283         0.018195024367994073
578.0821917808219         0.017936987125622156
575.4545454545454         0.017785995855989205
572.8506787330316         0.01774027339558387
570.2702702702702         0.01780036109078018
567.7130044843049         0.01796919892736962
565.1785714285713         0.01825231977048141
562.6666666666666         0.01865817657718433
560.1769911504424         0.019198633486101693
557.7092511013215         0.019889668060707084
555.2631578947368         0.020752355233489145
552.8384279475981         0.021814237669819627
550.4347826086956         0.02311123876460966
548.051948051948          0.024690353861002694
545.6896551724137         0.026613480299909155
543.3476394849785         0.028962948139820706
541.025641025641          0.03184964468948094
538.7234042553191         0.03542518464563787
536.4406779661016         0.03990054388189777
534.1772151898733         0.04557529174797677
531.9327731092436         0.052884693834333134
529.7071129707113         0.062477853437410046
527.4999999999999         0.0753514351376989
