791.2499999999999         0.2086233693858252
786.3354037267079         0.21966369230574637
781.4814814814814         0.23096911278584326
776.6871165644171         0.24224567270439104
771.951219512195          0.25316111517658585
767.2727272727273         0.2633695202584565
762.6506024096384         0.27254413344227196
758.0838323353291         0.2804131180463038
753.5714285714284         0.28679089556715115
749.1124260355028         0.2915979029574547
744.705882352941          0.29486431906086125
740.3508771929824         0.29671762818056036
736.0465116279069         0.2973580047082322
731.7919075144507         0.29702784048194353
727.5862068965516         0.29598175922714226
723.4285714285713         0.2944617373625628
719.3181818181816         0.29267957418211415
715.2542372881354         0.2908068846408443
711.2359550561796         0.2889714984581162
707.262569832402          0.2872586541327873
703.3333333333333         0.2857154372985839
699.4475138121546         0.28435724024866965
695.6043956043954         0.28317538715097523
691.8032786885245         0.28214534696355814
688.0434782608695         0.28123509756008036
684.3243243243243         0.28041322500415905
680.6451612903226         0.2796562934640524
677.0053475935828         0.2789549717902695
673.4042553191488         0.2783184139182453
669.8412698412698         0.277776496428198
666.315789473684          0.2773797109577608
662.8272251308899         0.27719674375185005
659.3749999999999         0.27730997711116107
655.9585492227978         0.2778092485858488
652.5773195876288         0.2787841635435932
649.2307692307692         0.2803150794989313
645.9183673469387         0.28246261617960805
642.6395939086294         0.2852552844299366
639.3939393939393         0.28867470181011945
636.180904522613          0.292638058488412
632.9999999999999         0.2969782656393509
629.8507462686566         0.30142385456807536
626.7326732673266         0.30558339602053675
623.6453201970443         0.3089427213289432
620.5882352941176         0.31088625837591294
617.560975609756          0.31075354101003166
614.5631067961165         0.3079346941289901
611.5942028985506         0.3019926669383962
608.6538461538461         0.29277988139974603
605.7416267942583         0.2805055079826583
602.8571428571428         0.26572011398182727
599.9999999999999         0.24921697494052392
597.1698113207547         0.23188526777350968
594.3661971830985         0.21456640416439804
591.5887850467288         0.19795348054042997
588.8372093023255         0.18254771031894987
586.1111111111111         0.16866285780780974
583.4101382488478         0.15645846589530782
580.7339449541283         0.1459836532508266
578.0821917808219         0.13721945886346093
575.4545454545454         0.13011417705226497
572.8506787330316         0.12461067178762994
570.2702702702702         0.12066712414520735
567.7130044843049         0.11827371352869759
565.1785714285713         0.11746810742607895
562.6666666666666         0.11835291354782684
560.1769911504424         0.12111886159071286
557.7092511013215         0.1260788324254919
555.2631578947368         0.13372046910649626
552.8384279475981         0.14478979266146247
550.4347826086956         0.16042610267840876
548.051948051948          0.18237999770403707
545.6896551724137         0.21335646860191973
543.3476394849785         0.2574992298624925
541.025641025641          0.32080864027343614
538.7234042553191         0.410231425964007
536.4406779661016         0.526601793807175
534.1772151898733         0.6420228867183946
531.9327731092436         0.6798594924975688
529.7071129707113         0.5898335483852467
527.4999999999999         0.4377043220495113
