791.2499999999999         0.008385145170931247
786.3354037267079         0.008132511076740224
781.4814814814814         0.007923421976990173
776.6871165644171         0.0077543891172560985
771.951219512195          0.007622636373537841
767.2727272727273         0.00752601343885216
762.6506024096384         0.0074629293621820735
758.0838323353291         0.00743230320409257
753.5714285714284         0.0074335294169359505
749.1124260355028         0.007466456236660347
744.705882352941          0.007531375933551296
740.3508771929824         0.007629026246000439
736.0465116279069         0.007760602741776353
731.7919075144507         0.007927782236925121
727.5862068965516         0.008132757770906197
723.4285714285713         0.00837828600209675
719.3181818181816         0.00866774826207939
715.2542372881354         0.009005226899179609
711.2359550561796         0.00939559895758429
707.262569832402          0.009844649680092332
703.3333333333333         0.01035920878631112
699.4475138121546         0.010947312951560883
695.6043956043954         0.011618398369618425
691.8032786885245         0.012383527680781199
688.0434782608695         0.013255655814667793
684.3243243243243         0.014249939326124653
680.6451612903226         0.015384093433333955
677.0053475935828         0.016678799974849876
673.4042553191488         0.018158167582213402
669.8412698412698         0.019850242125197787
666.315789473684          0.021787560457626424
662.8272251308899         0.024007733167661225
659.3749999999999         0.026554031984101185
655.9585492227978         0.029475944553989775
652.5773195876288         0.03282964396498704
649.2307692307692         0.03667830428858455
645.9183673469387         0.04109218010283827
642.6395939086294         0.04614836359855242
639.3939393939393         0.05193014679501774
636.180904522613          0.05852596060287162
632.9999999999999         0.06602794944439686
629.8507462686566         0.0745303778744627
626.7326732673266         0.0841282499728898
623.6453201970443         0.094916728286651
620.5882352941176         0.10699211637221792
617.560975609756          0.12045524739650866
614.5631067961165         0.13541803201743122
611.5942028985506         0.1520136268601225
608.6538461538461         0.17041021595922445
605.7416267942583         0.19082783387858027
602.8571428571428         0.21355708723985664
599.9999999999999         0.23897804611597456
597.1698113207547         0.2675767731343385
594.3661971830985         0.29995544075496505
591.5887850467288         0.3368289134285898
588.8372093023255         0.3789948557084248
586.1111111111111         0.4272545721263148
583.4101382488478         0.48224750721411186
580.7339449541283         0.544147356815947
578.0821917808219         0.6121673574757575
575.4545454545454         0.6838749231215122
572.8506787330316         0.754483693472806
570.2702702702702         0.816600373942364
567.7130044843049         0.8611671498278564
565.1785714285713         0.8800234501047984
562.6666666666666         0.8692339085444786
560.1769911504424         0.8310332321959168
557.7092511013215         0.7728210211564749
555.2631578947368         0.7040028025390257
552.8384279475981         0.6329270506451388
550.4347826086956         0.5653668252011628
548.051948051948          0.5044740818753531
545.6896551724137         0.4514484692649329
543.3476394849785         0.4063003804304634
541.025641025641          0.368437771970736
538.7234042553191         0.33703766387281403
536.4406779661016         0.31125142320136256
534.1772151898733         0.2903041531704867
531.9327731092436         0.2735341941052728
529.7071129707113         0.2604020242782369
527.4999999999999         0.250485429981587
