791.2499999999999         0.6933724357339947
786.3354037267079         0.7828846576058566
781.4814814814814         0.8141823756393843
776.6871165644171         0.7634348945462365
771.951219512195          0.6493795690915999
767.2727272727273         0.5159967464824374
762.6506024096384         0.39611114732054226
758.0838323353291         0.3012255292059981
753.5714285714284         0.2302917424530012
749.1124260355028         0.17831888599488396
744.705882352941          0.14028881970515333
740.3508771929824         0.11224509363616837
736.0465116279069         0.091322132767511
731.7919075144507         0.07550724803605004
727.5862068965516         0.06339708170679682
723.4285714285713         0.05400952212804781
719.3181818181816         0.046651131283692866
715.2542372881354         0.040826821806902
711.2359550561796         0.036178940492297015
707.262569832402          0.03244614013761498
703.3333333333333         0.029435429171935774
699.4475138121546         0.027003004815559242
695.6043956043954         0.02504098176387914
691.8032786885245         0.02346812014916495
688.0434782608695         0.02222330294417968
684.3243243243243         0.021260934821214716
680.6451612903226         0.02054771225400141
677.0053475935828         0.020060400601424565
673.4042553191488         0.019784381876722407
669.8412698412698         0.019712829187556534
666.315789473684          0.01984643585540298
662.8272251308899         0.020193690764495835
659.3749999999999         0.020771757202910034
655.9585492227978         0.02160809232268029
652.5773195876288         0.022743054799120307
649.2307692307692         0.02423391512217983
645.9183673469387         0.02616095012386443
642.6395939086294         0.028636749439641365
639.3939393939393         0.031820632767902625
636.180904522613          0.03594145420183791
632.9999999999999         0.04133461302218463
629.8507462686566         0.04850395092277233
626.7326732673266         0.05822884597185253
623.6453201970443         0.07175659376164208
620.5882352941176         0.09116211038450456
617.560975609756          0.12004741729050014
614.5631067961165         0.16494180730377617
611.5942028985506         0.23807134541429348
608.6538461538461         0.3619302973681072
605.7416267942583         0.5691613940376472
602.8571428571428         0.85042978969312
599.9999999999999         0.999508009862518
597.1698113207547         0.833343135944858
594.3661971830985         0.576960789641412
591.5887850467288         0.39209218032333265
588.8372093023255         0.27815630034998606
586.1111111111111         0.20806581885751022
583.4101382488478         0.16339451507731195
580.7339449541283         0.1338072263408643
578.0821917808219         0.11357901119430915
575.4545454545454         0.09944604377528679
572.8506787330316         0.0894797953646589
570.2702702702702         0.08250493756242194
567.7130044843049         0.07779137060870078
565.1785714285713         0.07488656977050138
562.6666666666666         0.07352259824168593
560.1769911504424         0.07356511213107854
557.7092511013215         0.07498799881631832
555.2631578947368         0.07786585903053345
552.8384279475981         0.08238161258618515
550.4347826086956         0.08885024819071456
548.051948051948          0.09776347442834643
545.6896551724137         0.10986482431875648
543.3476394849785         0.1262715808342554
541.025641025641          0.148668904543936
538.7234042553191         0.1796084206592001
536.4406779661016         0.22292418705384795
534.1772151898733         0.284134463544093
531.9327731092436         0.3700878393406485
529.7071129707113         0.4852048626751233
527.4999999999999         0.6185545466559165
