791.2499999999999         0.034035856420526936
786.3354037267079         0.03301656227182173
781.4814814814814         0.03239843409015435
776.6871165644171         0.03213715079537878
771.951219512195          0.03220289549032347
767.2727272727273         0.032576914123570305
762.6506024096384         0.033248909287756624
758.0838323353291         0.03421491688114435
753.5714285714284         0.035475395046558014
749.1124260355028         0.03703330883020035
744.705882352941          0.03889203939502419
740.3508771929824         0.04105300262285672
736.0465116279069         0.043512948806444185
731.7919075144507         0.04626105112772616
727.5862068965516         0.0492760830710178
723.4285714285713         0.05252421478607116
719.3181818181816         0.05595816302674122
715.2542372881354         0.05951849735865143
711.2359550561796         0.0631377057953546
707.262569832402          0.06674708078489613
703.3333333333333         0.07028568064257637
699.4475138121546         0.07370983041238907
695.6043956043954         0.07700123540808593
691.8032786885245         0.08017206078599971
688.0434782608695         0.08326622991995537
684.3243243243243         0.08635733317027369
680.6451612903226         0.08954443478141791
677.0053475935828         0.09294741831921137
673.4042553191488         0.09670332680250314
669.8412698412698         0.10096466026719426
666.315789473684          0.10590005815647942
662.8272251308899         0.11169738846534424
659.3749999999999         0.1185690320280668
655.9585492227978         0.12675903502459981
652.5773195876288         0.13655170347360576
649.2307692307692         0.14828100664740226
645.9183673469387         0.16233969918105706
642.6395939086294         0.17918619130274574
639.3939393939393         0.19934569044557907
636.180904522613          0.22339982675699857
632.9999999999999         0.25195588918511364
629.8507462686566         0.2855836080887877
626.7326732673266         0.3247062034387497
623.6453201970443         0.36943753469220786
620.5882352941176         0.4193750755426409
617.560975609756          0.4733936375075651
614.5631067961165         0.5295296846077587
611.5942028985506         0.5850692729590031
608.6538461538461         0.636906102980836
605.7416267942583         0.6821028241452315
602.8571428571428         0.7184394584566205
599.9999999999999         0.744698691549005
597.1698113207547         0.7605754670473622
594.3661971830985         0.7663077048871335
591.5887850467288         0.7622512243411593
588.8372093023255         0.7486088002814614
586.1111111111111         0.7254237243273631
583.4101382488478         0.6928284303593806
580.7339449541283         0.6514272326874947
578.0821917808219         0.6026126187957574
575.4545454545454         0.5486185462050944
572.8506787330316         0.4922385361610723
570.2702702702702         0.43632331249549
567.7130044843049         0.3832863067984545
565.1785714285713         0.33480503252318994
562.6666666666666         0.2917689151433073
560.1769911504424         0.254406520287734
557.7092511013215         0.22248726561497925
555.2631578947368         0.195516739458933
552.8384279475981         0.17288678276164576
550.4347826086956         0.15397354037131028
548.051948051948          0.13819248761739608
545.6896551724137         0.1250235340479166
543.3476394849785         0.11401774278554147
541.025641025641          0.10479399408724589
538.7234042553191         0.09703093592764553
536.4406779661016         0.09045737284777898
534.1772151898733         0.08484283717354087
531.9327731092436         0.07998927407333055
529.7071129707113         0.07572435046888935
527.4999999999999         0.07189669714487507
