791.2499999999999         0.1410888753105216
786.3354037267079         0.14384856338331647
781.4814814814814         0.1474170187657077
776.6871165644171         0.15211246078339033
771.951219512195          0.15828912255884517
767.2727272727273         0.16636074290980402
762.6506024096384         0.1768331344748354
758.0838323353291         0.19034744908270293
753.5714285714284         0.20773628007178124
749.1124260355028         0.2300934871461131
744.705882352941          0.2588523206561855
740.3508771929824         0.29584686006647953
736.0465116279069         0.3432800523845463
731.7919075144507         0.40340096962805455
727.5862068965516         0.4774629006818193
723.4285714285713         0.5632811784425908
719.3181818181816         0.6511393180582444
715.2542372881354         0.7207016599435652
711.2359550561796         0.7465862175760796
707.262569832402          0.7158913836747569
703.3333333333333         0.6404043887841586
699.4475138121546         0.5460911322964678
695.6043956043954         0.4545778299919687
691.8032786885245         0.3762657519131579
688.0434782608695         0.3133184903637763
684.3243243243243         0.2641524327823895
680.6451612903226         0.22616194381638163
677.0053475935828         0.19686580551172636
673.4042553191488         0.1742430171398754
669.8412698412698         0.15674896304971545
666.315789473684          0.14323549739918573
662.8272251308899         0.13285924107937042
659.3749999999999         0.12500382588439912
655.9585492227978         0.11922033069251675
652.5773195876288         0.11518347227885362
649.2307692307692         0.11265975996398372
645.9183673469387         0.11148412080734149
642.6395939086294         0.1115421283578686
639.3939393939393         0.11275549895965735
636.180904522613          0.11506886050079117
632.9999999999999         0.11843598358707133
629.8507462686566         0.1228038110336374
626.7326732673266         0.1280929486004824
623.6453201970443         0.13417415306505212
620.5882352941176         0.14084227049419887
617.560975609756          0.1477924579521917
614.5631067961165         0.15460810691382387
611.5942028985506         0.1607737509499517
608.6538461538461         0.16572520502404214
605.7416267942583         0.16893853403014686
602.8571428571428         0.17003928244991254
599.9999999999999         0.16889403631303024
597.1698113207547         0.16564466944974118
594.3661971830985         0.16066909720682043
591.5887850467288         0.15448722804384277
588.8372093023255         0.14765239924274562
586.1111111111111         0.1406649269795258
583.4101382488478         0.13392449356307537
580.7339449541283         0.1277186085038462
578.0821917808219         0.12223465425133817
575.4545454545454         0.11758251413822737
572.8506787330316         0.11381871320472352
570.2702702702702         0.11096741675880915
567.7130044843049         0.10903678455281002
565.1785714285713         0.10803088405680242
562.6666666666666         0.10795803988966228
560.1769911504424         0.1088365984803684
557.7092511013215         0.11069893686497642
555.2631578947368         0.11359431623463047
552.8384279475981         0.11759095077835764
550.4347826086956         0.12277745459509348
548.051948051948          0.12926364691075323
545.6896551724137         0.1371805400771726
543.3476394849785         0.14667922011933834
541.025641025641          0.15792829497950797
538.7234042553191         0.17110970424590127
536.4406779661016         0.18641306278761816
534.1772151898733         0.20402946386181509
531.9327731092436         0.22414684632841778
529.7071129707113         0.24695050021285433
527.4999999999999         0.27263358352008843
