791.2499999999999         0.2609289947287684
786.3354037267079         0.25444199045327076
781.4814814814814         0.24898929841428624
776.6871165644171         0.24448015858417085
771.951219512195          0.24083117476516602
767.2727272727273         0.23796447216542346
762.6506024096384         0.2358057864189735
758.0838323353291         0.2342825093608632
753.5714285714284         0.23332172130878226
749.1124260355028         0.23284825516061738
744.705882352941          0.2327828637300209
740.3508771929824         0.233040597189001
736.0465116279069         0.23352953932339873
731.7919075144507         0.2341500937126892
727.5862068965516         0.23479504415127123
723.4285714285713         0.2353506236165312
719.3181818181816         0.2356987958004228
715.2542372881354         0.23572086619889704
711.2359550561796         0.23530238659762726
707.262569832402          0.23433910347769152
703.3333333333333         0.2327434559901342
699.4475138121546         0.23045090543684263
695.6043956043954         0.22742524355284988
691.8032786885245         0.22366204393442757
688.0434782608695         0.21918962045720955
684.3243243243243         0.2140672165492285
680.6451612903226         0.20838059292828265
677.0053475935828         0.20223559909304611
673.4042553191488         0.1957506010895789
669.8412698412698         0.18904873303017258
666.315789473684          0.18225084153299645
662.8272251308899         0.17546975311849108
659.3749999999999         0.16880619426814805
655.9585492227978         0.1623464088347353
652.5773195876288         0.15616129991331476
649.2307692307692         0.15030679400155889
645.9183673469387         0.14482507902106695
642.6395939086294         0.13974638400327427
639.3939393939393         0.13509102194434158
636.180904522613          0.13087148641171778
632.9999999999999         0.1270944611932719
629.8507462686566         0.1237626615745486
626.7326732673266         0.12087647207005357
623.6453201970443         0.11843537855879531
620.5882352941176         0.11643921466204006
617.560975609756          0.11488925546441317
614.5631067961165         0.11378919893977985
611.5942028985506         0.11314607895807502
608.6538461538461         0.11297115528751626
605.7416267942583         0.11328082685377977
602.8571428571428         0.1140976155228793
599.9999999999999         0.11545126929934973
597.1698113207547         0.11738003614430627
594.3661971830985         0.11993216219616985
591.5887850467288         0.12316766985849875
588.8372093023255         0.12716046959421015
586.1111111111111         0.13200084975484944
583.4101382488478         0.13779836296737658
580.7339449541283         0.14468507042305023
578.0821917808219         0.15281899031756843
575.4545454545454         0.16238737788455038
572.8506787330316         0.17360906504926954
570.2702702702702         0.18673438368623943
567.7130044843049         0.20204000099642155
565.1785714285713         0.2198140622572844
562.6666666666666         0.24032413629277383
560.1769911504424         0.26375666674424275
557.7092511013215         0.29011308713979284
555.2631578947368         0.31904825837798295
552.8384279475981         0.3496501978824461
550.4347826086956         0.38020038589782584
548.051948051948          0.40803107221588125
545.6896551724137         0.429683118066676
543.3476394849785         0.4415599132019647
541.025641025641          0.441028011176339
538.7234042553191         0.42748127480735437
536.4406779661016         0.40268086739045966
534.1772151898733         0.3700970889827552
531.9327731092436         0.33369433945994614
529.7071129707113         0.2968786907635189
527.4999999999999         0.26200126161857223
