791.2499999999999         0.7513655656469655
786.3354037267079         0.7411345450181037
781.4814814814814         0.7280956144201461
776.6871165644171         0.7105486710368751
771.951219512195          0.6872508932480926
767.2727272727273         0.6576754968526723
762.6506024096384         0.6221325490613073
758.0838323353291         0.5816863425933393
753.5714285714284         0.5378907492647662
749.1124260355028         0.49244404464687536
744.705882352941          0.44688495628233277
740.3508771929824         0.4024089237962928
736.0465116279069         0.35981815264284667
731.7919075144507         0.3195717778963206
727.5862068965516         0.2818865667817878
723.4285714285713         0.24684481462816432
719.3181818181816         0.21448048875661185
715.2542372881354         0.18482919540313267
711.2359550561796         0.15794018926262549
707.262569832402          0.1338591781315903
703.3333333333333         0.11259758722724729
699.4475138121546         0.09410498737164247
695.6043956043954         0.07825622281602437
691.8032786885245         0.06485631347036501
688.0434782608695         0.053658861575294134
684.3243243243243         0.04439034367596293
680.6451612903226         0.03677331520701833
677.0053475935828         0.030544319819207702
673.4042553191488         0.025465197681450055
669.8412698412698         0.021328452814056834
666.315789473684          0.017958211376664614
662.8272251308899         0.015208395206101627
659.3749999999999         0.012959439043666594
655.9585492227978         0.01111447856414439
652.5773195876288         0.009595576797967142
649.2307692307692         0.008340289295604618
645.9183673469387         0.007298692835281663
642.6395939086294         0.006430898739060138
639.3939393939393         0.005705017430810222
636.180904522613          0.005095517215983313
632.9999999999999         0.004581914235710403
629.8507462686566         0.004147733651692098
626.7326732673266         0.0037796892594055627
623.6453201970443         0.003467037061690321
620.5882352941176         0.003201066408477093
617.560975609756          0.0029746994751497615
614.5631067961165         0.002782175907762098
611.5942028985506         0.0026188044280745946
608.6538461538461         0.0024807671848073526
605.7416267942583         0.0023649658125055213
602.8571428571428         0.0022689006685028407
599.9999999999999         0.002190576699283696
597.1698113207547         0.0021284309582542114
594.3661971830985         0.0020812780564793986
591.5887850467288         0.002048270859167401
588.8372093023255         0.0020288746139865816
586.1111111111111         0.002022853475219761
583.4101382488478         0.0020302691297739103
580.7339449541283         0.0020514919993648586
578.0821917808219         0.002087226359697777
575.4545454545454         0.002138551773743945
572.8506787330316         0.0022069846076446537
570.2702702702702         0.002294565265663843
567.7130044843049         0.002403979417182302
565.1785714285713         0.002538725314894691
562.6666666666666         0.002703344985427514
560.1769911504424         0.002903745690016787
557.7092511013215         0.003147651387303838
555.2631578947368         0.0034452450002369164
552.8384279475981         0.0038100963234965293
550.4347826086956         0.004260526707753212
548.051948051948          0.004821657245178709
545.6896551724137         0.005528554208389944
543.3476394849785         0.0064311868425585336
541.025641025641          0.0076024761324461464
538.7234042553191         0.009151810409954504
536.4406779661016         0.011248640404253444
534.1772151898733         0.01416557124149247
531.9327731092436         0.01836133137807294
529.7071129707113         0.024650808119454085
527.4999999999999         0.034580350240922895
