791.2499999999999         0.2067370170548799
786.3354037267079         0.20909990530125824
781.4814814814814         0.21252988251519736
776.6871165644171         0.21697481821475934
771.951219512195          0.22236557223879344
767.2727272727273         0.2286109230766341
762.6506024096384         0.23559257996624144
758.0838323353291         0.2431614405810339
753.5714285714284         0.2511364814841666
749.1124260355028         0.2593076980790324
744.705882352941          0.26744416095464596
740.3508771929824         0.27530739651242603
736.0465116279069         0.2826689703451695
731.7919075144507         0.2893296484600414
727.5862068965516         0.2951363583525894
723.4285714285713         0.2999929184481269
719.3181818181816         0.30386141998497607
715.2542372881354         0.3067530099453881
711.2359550561796         0.3087089983192773
707.262569832402          0.30977498640767726
703.3333333333333         0.3099717001457574
699.4475138121546         0.3092665428562118
695.6043956043954         0.30755007084091196
691.8032786885245         0.30462218275999486
688.0434782608695         0.3001939088707382
684.3243243243243         0.2939115288575688
680.6451612903226         0.2854084847147215
677.0053475935828         0.27438473615361353
673.4042553191488         0.26070166229006764
669.8412698412698         0.24446649013875393
666.315789473684          0.22607241157912705
662.8272251308899         0.20616915989925513
659.3749999999999         0.1855650643684548
655.9585492227978         0.1650918465970976
652.5773195876288         0.14547791381267372
649.2307692307692         0.12726613927254343
645.9183673469387         0.11078765636601784
642.6395939086294         0.09618098668971692
639.3939393939393         0.08343592455154618
636.180904522613          0.07244324723006082
632.9999999999999         0.06303836799332628
629.8507462686566         0.05503410406399746
626.7326732673266         0.04824240361029656
623.6453201970443         0.042487068807302415
620.5882352941176         0.03761004257525305
617.560975609756          0.03347353397478807
614.5631067961165         0.029959697228382407
611.5942028985506         0.026969031821990196
608.6538461538461         0.024418238311138023
605.7416267942583         0.022237959130997367
602.8571428571428         0.02037063417894652
599.9999999999999         0.018768578255244136
597.1698113207547         0.017392316294740324
594.3661971830985         0.0162091738101096
591.5887850467288         0.015192101174628641
588.8372093023255         0.014318702952167686
586.1111111111111         0.013570442268256445
583.4101382488478         0.012931992127925392
580.7339449541283         0.012390708856276878
578.0821917808219         0.011936206497691287
575.4545454545454         0.01156001456358973
572.8506787330316         0.011255304741791915
570.2702702702702         0.01101667499794629
567.7130044843049         0.010839981914623046
565.1785714285713         0.010722214168254687
562.6666666666666         0.010661401795293558
560.1769911504424         0.010656557407520733
557.7092511013215         0.010707646841578882
555.2631578947368         0.01081558792388383
552.8384279475981         0.010982277148184345
550.4347826086956         0.011210645142763875
548.051948051948          0.011504742883958108
545.6896551724137         0.011869861720343074
543.3476394849785         0.012312691422072607
541.025641025641          0.012841521655281359
538.7234042553191         0.013466493458673961
536.4406779661016         0.014199908363570707
534.1772151898733         0.015056603543011445
531.9327731092436         0.01605440142671484
529.7071129707113         0.01721464093566618
527.4999999999999         0.01856279381296449
