791.2499999999999         0.48273933851787004
786.3354037267079         0.4767671344733113
781.4814814814814         0.47237108059894184
776.6871165644171         0.4695845340095612
771.951219512195          0.46843920692723706
767.2727272727273         0.46896773399554254
762.6506024096384         0.47120530634062563
758.0838323353291         0.47519034253732884
753.5714285714284         0.48096411080000734
749.1124260355028         0.4885691470296424
744.705882352941          0.49804623411850996
740.3508771929824         0.5094296261808013
736.0465116279069         0.5227401302195683
731.7919075144507         0.5379756206316039
727.5862068965516         0.5550985980621348
723.4285714285713         0.5740205730941151
719.3181818181816         0.594583438249704
715.2542372881354         0.6165386819994824
711.2359550561796         0.6395263708531256
707.262569832402          0.663057273919219
703.3333333333333         0.6865031421606362
699.4475138121546         0.7091015040390272
695.6043956043954         0.7299815828755265
691.8032786885245         0.7482160687985724
688.0434782608695         0.7628987523845748
684.3243243243243         0.7732407240495751
680.6451612903226         0.7786698728100351
677.0053475935828         0.7789131373132129
673.4042553191488         0.7740417251234931
669.8412698412698         0.7644674797696323
666.315789473684          0.7508913304094225
662.8272251308899         0.7342172120062506
659.3749999999999         0.7154520502931483
655.9585492227978         0.6956123071241823
652.5773195876288         0.67565167110502
649.2307692307692         0.6564162681728877
645.9183673469387         0.6386265732856693
642.6395939086294         0.6228807851529559
639.3939393939393         0.6096728980010029
636.180904522613          0.5994192229600529
632.9999999999999         0.59248861334025
629.8507462686566         0.589233285744388
626.7326732673266         0.5900183746642382
623.6453201970443         0.59524890161217
620.5882352941176         0.60539240145283
617.560975609756          0.6209935561393605
614.5631067961165         0.6426729051419398
611.5942028985506         0.6710933115747872
608.6538461538461         0.7068626233518597
605.7416267942583         0.7503157524225481
602.8571428571428         0.8010848417802491
599.9999999999999         0.8573412969041787
597.1698113207547         0.9146516427881963
594.3661971830985         0.9647059250134754
591.5887850467288         0.9949534104043145
588.8372093023255         0.991067617950118
586.1111111111111         0.943329311020648
583.4101382488478         0.8536894303964001
580.7339449541283         0.7366217479695099
578.0821917808219         0.6117545380991095
575.4545454545454         0.4949989506883915
572.8506787330316         0.394757052247306
570.2702702702702         0.3130901277809158
567.7130044843049         0.24850084579081302
565.1785714285713         0.19815618906800844
562.6666666666666         0.1591072858950227
560.1769911504424         0.1287891007358379
557.7092511013215         0.10514266852343634
555.2631578947368         0.08657919869465111
552.8384279475981         0.0718956850384901
550.4347826086956         0.06018810959099838
548.051948051948          0.050777831071757755
545.6896551724137         0.04315395260783618
543.3476394849785         0.0369298940964434
541.025641025641          0.03181126758245609
538.7234042553191         0.027572299648047114
536.4406779661016         0.02403855667940744
534.1772151898733         0.021074263610223323
531.9327731092436         0.01857295597214497
529.7071129707113         0.016450551155698434
527.4999999999999         0.014640180507461334
