791.2499999999999         0.06761181956481392
786.3354037267079         0.08779545686949145
781.4814814814814         0.11748485366823123
776.6871165644171         0.16232444335482477
771.951219512195          0.2314790363990778
767.2727272727273         0.3384112992755552
762.6506024096384         0.496432079366391
758.0838323353291         0.6964864037040003
753.5714285714284         0.8697863547044203
749.1124260355028         0.9223284364756764
744.705882352941          0.855158256520146
740.3508771929824         0.7454487570084385
736.0465116279069         0.6465682744962432
731.7919075144507         0.5734901366287677
727.5862068965516         0.5245399552226001
723.4285714285713         0.4939524845379034
719.3181818181816         0.4753535303675907
715.2542372881354         0.4618459035004524
711.2359550561796         0.4456637647640843
707.262569832402          0.41920947563619165
703.3333333333333         0.37823571018118324
699.4475138121546         0.32496686072597897
695.6043956043954         0.2670812081699685
691.8032786885245         0.21277672001715286
688.0434782608695         0.1668952097047297
684.3243243243243         0.1305933033772826
680.6451612903226         0.10287979564174198
677.0053475935828         0.08204878836522476
673.4042553191488         0.06643781598805369
669.8412698412698         0.05468960663862917
666.315789473684          0.04577810458309471
662.8272251308899         0.03895414526413518
659.3749999999999         0.03367818920167511
655.9585492227978         0.029562633394562065
652.5773195876288         0.026328022654845896
649.2307692307692         0.023771504764832807
645.9183673469387         0.021744616050198767
642.6395939086294         0.020137760005073
639.3939393939393         0.01886935877991802
636.180904522613          0.017878231138239047
632.9999999999999         0.017118191915831985
629.8507462686566         0.016554183110476916
626.7326732673266         0.016159464253005403
623.6453201970443         0.01591353796217727
620.5882352941176         0.01580058775291779
617.560975609756          0.01580827529674688
614.5631067961165         0.015926794665707185
611.5942028985506         0.016148119353688352
608.6538461538461         0.016465409140392354
605.7416267942583         0.016872570968925176
602.8571428571428         0.01736399158733087
599.9999999999999         0.017934478220500864
597.1698113207547         0.01857945369605467
594.3661971830985         0.019295450518088345
591.5887850467288         0.020080932684336104
588.8372093023255         0.020937448070753067
586.1111111111111         0.021871088910069225
583.4101382488478         0.02289423118678263
580.7339449541283         0.024027556546845547
578.0821917808219         0.02530245099964324
575.4545454545454         0.02676403732623411
572.8506787330316         0.02847534962247555
570.2702702702702         0.03052353886856416
567.7130044843049         0.033029608076235326
565.1785714285713         0.036164240944440255
562.6666666666666         0.040174297055073686
560.1769911504424         0.045428563364263895
557.7092511013215         0.05249980394073692
555.2631578947368         0.062318914992142836
552.8384279475981         0.07648122846553228
550.4347826086956         0.09789633810910636
548.051948051948          0.13227128904000807
545.6896551724137         0.1917422673506757
543.3476394849785         0.3039200158078045
541.025641025641          0.5272592957483803
538.7234042553191         0.8759087914098184
536.4406779661016         0.8896599815134145
534.1772151898733         0.5187214952189626
531.9327731092436         0.2763991159236106
529.7071129707113         0.1603661826398767
527.4999999999999         0.10209084867229655
