791.2499999999999         0.7164297278779586
786.3354037267079         0.5920842125374515
781.4814814814814         0.46268748058740583
776.6871165644171         0.3548503449388514
771.951219512195          0.2733436166200016
767.2727272727273         0.21391650037698712
762.6506024096384         0.17085454784940174
758.0838323353291         0.13942340736576514
753.5714285714284         0.11619368422179178
749.1124260355028         0.09879168428122716
744.705882352941          0.08559326118168997
740.3508771929824         0.07548397478854214
736.0465116279069         0.06769267577353372
731.7919075144507         0.06168084419781255
727.5862068965516         0.05707000426206328
723.4285714285713         0.053594268470873715
719.3181818181816         0.05106942020882347
715.2542372881354         0.04937308357781186
711.2359550561796         0.048432650143338654
707.262569832402          0.048219081077657225
703.3333333333333         0.048745783176328876
699.4475138121546         0.05007272626361787
695.6043956043954         0.052317097323211666
691.8032786885245         0.055673455314899346
688.0434782608695         0.06044924452773635
684.3243243243243         0.06712704102069202
680.6451612903226         0.0764761184737924
677.0053475935828         0.08975993416645497
673.4042553191488         0.1091399975219945
669.8412698412698         0.13850133193366668
666.315789473684          0.18520876605938297
662.8272251308899         0.2638090817680083
659.3749999999999         0.4019919835103925
655.9585492227978         0.631038479667707
652.5773195876288         0.8511318377516747
649.2307692307692         0.7420026662819864
645.9183673469387         0.45731975864101015
642.6395939086294         0.26544542713420677
639.3939393939393         0.16247381173852532
636.180904522613          0.10635276088678772
632.9999999999999         0.07379943303831306
629.8507462686566         0.05370040777262107
626.7326732673266         0.0406084505355088
623.6453201970443         0.03169385648552924
620.5882352941176         0.02539714734443002
617.560975609756          0.020812022836381092
614.5631067961165         0.0173869481025275
611.5942028985506         0.014772702946883303
608.6538461538461         0.012740477940700545
605.7416267942583         0.011135852236004494
602.8571428571428         0.009851887779108079
599.9999999999999         0.0088128394156968
597.1698113207547         0.007963982271858449
594.3661971830985         0.007265082211437417
591.5887850467288         0.006686100744856812
588.8372093023255         0.006204307141771469
586.1111111111111         0.005802298155219806
583.4101382488478         0.0054666159270360185
580.7339449541283         0.005186767988240419
578.0821917808219         0.004954522484023533
575.4545454545454         0.00476339496805644
572.8506787330316         0.004608270646337565
570.2702702702702         0.004485123826990024
567.7130044843049         0.004390808140308742
565.1785714285713         0.004322899019096258
562.6666666666666         0.004279575329330308
560.1769911504424         0.0042595307718182865
557.7092511013215         0.0042619082860001194
555.2631578947368         0.004286252534863136
552.8384279475981         0.004332476870379998
550.4347826086956         0.004400842128523272
548.051948051948          0.004491945286269523
545.6896551724137         0.004606716499893552
543.3476394849785         0.004746423380189544
541.025641025641          0.004912681575467861
538.7234042553191         0.005107470844828628
536.4406779661016         0.005333155822009351
534.1772151898733         0.005592510598347974
531.9327731092436         0.005888746094736512
529.7071129707113         0.006225538950984453
527.4999999999999         0.006607060347770811
