791.2499999999999         0.004466524690776355
786.3354037267079         0.004353867691400191
781.4814814814814         0.004284809388611205
776.6871165644171         0.004256055003979713
771.951219512195          0.004265786060644596
767.2727272727273         0.004313486272923925
762.6506024096384         0.004399860833130603
758.0838323353291         0.004526835894782378
753.5714285714284         0.004697634168934708
749.1124260355028         0.004916930479571168
744.705882352941          0.005191099138035642
740.3508771929824         0.005528574294304729
736.0465116279069         0.005940356383155573
731.7919075144507         0.006440714247469808
727.5862068965516         0.00704815618154395
723.4285714285713         0.007786778139305339
719.3181818181816         0.008688150282249485
715.2542372881354         0.009793984610122621
711.2359550561796         0.011159954388618196
707.262569832402          0.01286124048356731
703.3333333333333         0.015000712206307863
699.4475138121546         0.017721201457583474
695.6043956043954         0.021224260424994434
691.8032786885245         0.02579939763027618
688.0434782608695         0.03187060117887407
684.3243243243243         0.04007196624512873
680.6451612903226         0.051373219323291
677.0053475935828         0.06729184921148569
673.4042553191488         0.09025530595381175
669.8412698412698         0.12421389535203264
666.315789473684          0.17561822613780925
662.8272251308899         0.2546646275616157
659.3749999999999         0.37545346893395193
655.9585492227978         0.5492142551267963
652.5773195876288         0.7582348871007026
649.2307692307692         0.9231263853526951
645.9183673469387         0.9554434120015014
642.6395939086294         0.8699505759872057
639.3939393939393         0.7457257358959433
636.180904522613          0.6333146015802673
632.9999999999999         0.5464261057442826
629.8507462686566         0.4833451120544754
626.7326732673266         0.4390390692181945
623.6453201970443         0.4089598343707685
620.5882352941176         0.38972487967594777
617.560975609756          0.3789667214604666
614.5631067961165         0.3750537703553348
611.5942028985506         0.37685075934657347
608.6538461538461         0.3835381997723245
605.7416267942583         0.39447754766327486
602.8571428571428         0.40910689867076416
599.9999999999999         0.4268571027586759
597.1698113207547         0.4470840859922111
594.3661971830985         0.4690184064821347
591.5887850467288         0.49173694810543256
588.8372093023255         0.5141632928593695
586.1111111111111         0.5351018380672344
583.4101382488478         0.5533059511582087
580.7339449541283         0.567573508301478
578.0821917808219         0.5768563949469449
575.4545454545454         0.5803664715385692
572.8506787330316         0.5776604146772565
570.2702702702702         0.5686892593733728
567.7130044843049         0.5538039873857679
565.1785714285713         0.5337150838206494
562.6666666666666         0.5094112447342414
560.1769911504424         0.48204972961328985
557.7092511013215         0.45283646016993534
555.2631578947368         0.42291556044462125
552.8384279475981         0.39328445871365736
550.4347826086956         0.3647431103613619
548.051948051948          0.33787731746468713
545.6896551724137         0.3130694999346101
543.3476394849785         0.2905271370375589
541.025641025641          0.2703192316390094
538.7234042553191         0.25241330405837187
536.4406779661016         0.23670822207685824
534.1772151898733         0.22306066754648976
531.9327731092436         0.2113048143705244
529.7071129707113         0.20126582550263833
527.4999999999999         0.19276823764815132
