791.2499999999999         0.18041333270640236
786.3354037267079         0.19882927046240842
781.4814814814814         0.22277423899873167
776.6871165644171         0.25392970066898674
771.951219512195          0.29460807048781973
767.2727272727273         0.3479096023309424
762.6506024096384         0.4177432765599408
758.0838323353291         0.5083178028020171
753.5714285714284         0.6221585809290799
749.1124260355028         0.755057201479409
744.705882352941          0.8875868880165807
740.3508771929824         0.9808073628708505
736.0465116279069         0.9940149172809085
731.7919075144507         0.920617891525839
727.5862068965516         0.795003067567433
723.4285714285713         0.6595346982034146
719.3181818181816         0.5392194738109537
715.2542372881354         0.44164796234909287
711.2359550561796         0.3655704929076382
707.262569832402          0.3070027259757606
703.3333333333333         0.2618838148814847
699.4475138121546         0.22687481742838433
695.6043956043954         0.19943433430954935
691.8032786885245         0.17768257173573462
688.0434782608695         0.1602383366186199
684.3243243243243         0.14608211899950366
680.6451612903226         0.13445312820192257
677.0053475935828         0.12477523815434526
673.4042553191488         0.11660475794743902
669.8412698412698         0.10959399192649494
666.315789473684          0.10346610565808059
662.8272251308899         0.09799812319797513
659.3749999999999         0.093009805186993
655.9585492227978         0.08835673489199869
652.5773195876288         0.08392625798653365
649.2307692307692         0.07963508544218134
645.9183673469387         0.075427487426834
642.6395939086294         0.07127317895466569
639.3939393939393         0.06716428473666136
636.180904522613          0.06311116320917094
632.9999999999999         0.05913728903619593
629.8507462686566         0.05527372325755036
626.7326732673266         0.051553845504275705
623.6453201970443         0.04800895774126817
620.5882352941176         0.044665146773812815
617.560975609756          0.0415415119570299
614.5631067961165         0.03864962033960621
611.5942028985506         0.03599389998545903
608.6538461538461         0.03357263271659858
605.7416267942583         0.031379236354287375
602.8571428571428         0.029403598013124616
599.9999999999999         0.027633302464655715
597.1698113207547         0.026054672629565553
594.3661971830985         0.02465359385581914
591.5887850467288         0.02341612883460947
588.8372093023255         0.02232894907241905
586.1111111111111         0.021379616397369225
583.4101382488478         0.02055674834417686
580.7339449541283         0.019850097763835117
578.0821917808219         0.019250571895733887
575.4545454545454         0.01875021078041636
572.8506787330316         0.01834213999489229
570.2702702702702         0.018020508559456295
567.7130044843049         0.0177804195542771
565.1785714285713         0.017617858432457875
562.6666666666666         0.017529622110553048
560.1769911504424         0.017513250536986838
557.7092511013215         0.017566961475502345
555.2631578947368         0.017689588609491203
552.8384279475981         0.017880522713429752
550.4347826086956         0.018139655513432648
548.051948051948          0.018467325954760392
545.6896551724137         0.0188642689115706
543.3476394849785         0.019331566925627194
541.025641025641          0.01987060636203562
538.7234042553191         0.020483040430358528
536.4406779661016         0.021170762829883023
534.1772151898733         0.021935897298345847
531.9327731092436         0.022780809992946714
529.7071129707113         0.023708153284317343
527.4999999999999         0.024720951034569522
