791.2499999999999         0.8702922869945356
786.3354037267079         0.7232603178824935
781.4814814814814         0.2762380461897528
776.6871165644171         0.12803068544490784
771.951219512195          0.07222387102498834
767.2727272727273         0.04637452699826691
762.6506024096384         0.03251624741826843
758.0838323353291         0.02429169504176179
753.5714285714284         0.019040818278016524
749.1124260355028         0.01550231581920038
744.705882352941          0.013018707339973718
740.3508771929824         0.011221123709156332
736.0465116279069         0.009890204178631786
731.7919075144507         0.008889250387705515
727.5862068965516         0.00812980368637238
723.4285714285713         0.007552879310190263
719.3181818181816         0.007118238653079174
715.2542372881354         0.006798008721984105
711.2359550561796         0.006572761102316591
707.262569832402          0.006429039298013944
703.3333333333333         0.00635777099031798
699.4475138121546         0.006353240571798108
695.6043956043954         0.006412429773387641
691.8032786885245         0.006534610369061402
688.0434782608695         0.006721118288213528
684.3243243243243         0.006975266439370107
680.6451612903226         0.007302371488230721
677.0053475935828         0.007709881856645583
673.4042553191488         0.008207602677684082
669.8412698412698         0.008808019717666642
666.315789473684          0.009526729122102074
662.8272251308899         0.010382983633633902
659.3749999999999         0.011400368761590066
655.9585492227978         0.012607624125784613
652.5773195876288         0.014039625538260915
649.2307692307692         0.01573854187597764
645.9183673469387         0.0177551769513582
642.6395939086294         0.020150500078281758
639.3939393939393         0.02299736002145055
636.180904522613          0.026382366665221108
632.9999999999999         0.03040791586051049
629.8507462686566         0.035194330675788615
626.7326732673266         0.04088210466500896
623.6453201970443         0.047634270290864214
620.5882352941176         0.055638989891934554
617.560975609756          0.06511258721233483
614.5631067961165         0.07630340808016818
611.5942028985506         0.0894971126121961
608.6538461538461         0.10502423849755398
605.7416267942583         0.12327110027733505
602.8571428571428         0.14469524437449968
599.9999999999999         0.16984665018571224
597.1698113207547         0.19939539551780694
594.3661971830985         0.2341649766567066
591.5887850467288         0.2751664751065558
588.8372093023255         0.32361920111172615
586.1111111111111         0.3809219990690547
583.4101382488478         0.4484945779365194
580.7339449541283         0.5273244119051066
578.0821917808219         0.6169318182141471
575.4545454545454         0.7134041760069265
572.8506787330316         0.8065639409465912
570.2702702702702         0.878051084995665
567.7130044843049         0.9048951852791531
565.1785714285713         0.871833100524647
562.6666666666666         0.7841958088736637
560.1769911504424         0.665853597492039
557.7092511013215         0.5434462978721816
555.2631578947368         0.4341339798279717
552.8384279475981         0.34428683399391363
550.4347826086956         0.27363550547165977
548.051948051948          0.21922688630139342
545.6896551724137         0.17762582583152794
543.3476394849785         0.1457985667423889
541.025641025641          0.1213334707898677
538.7234042553191         0.10240204714108062
536.4406779661016         0.08764690472357149
534.1772151898733         0.07606823189815246
531.9327731092436         0.0669302403044904
529.7071129707113         0.05969004747902008
527.4999999999999         0.053945570226946474
