791.2499999999999         0.013939590501255738
786.3354037267079         0.013607344492756931
781.4814814814814         0.013345039099943976
776.6871165644171         0.013148702494415607
771.951219512195          0.013015444369840565
767.2727272727273         0.01294337897726634
762.6506024096384         0.012931576815585901
758.0838323353291         0.0129800431734268
753.5714285714284         0.013089722806737663
749.1124260355028         0.01326253109498756
744.705882352941          0.013501413100056888
740.3508771929824         0.013810433108750743
736.0465116279069         0.014194898528207229
731.7919075144507         0.01466152348360885
727.5862068965516         0.015218639204966434
723.4285714285713         0.015876460353469186
719.3181818181816         0.01664741889663395
715.2542372881354         0.01754658005195183
711.2359550561796         0.018592158203580407
707.262569832402          0.019806154501054853
703.3333333333333         0.021215141861033144
699.4475138121546         0.02285122680252518
695.6043956043954         0.0247532198962884
691.8032786885245         0.02696804557540898
688.0434782608695         0.029552413940233384
684.3243243243243         0.03257475549415118
680.6451612903226         0.03611737340940251
677.0053475935828         0.040278678833122285
673.4042553191488         0.04517521464848867
669.8412698412698         0.05094290103485871
666.315789473684          0.05773649990785989
662.8272251308899         0.06572564569755314
659.3749999999999         0.07508492622621364
655.9585492227978         0.08597457436659146
652.5773195876288         0.098507858216446
649.2307692307692         0.11270236402592013
645.9183673469387         0.1284168950362265
642.6395939086294         0.14528548378633618
639.3939393939393         0.16267433752443083
636.180904522613          0.179699165414754
632.9999999999999         0.19533437205554535
629.8507462686566         0.20860957305614275
626.7326732673266         0.21883364035926003
623.6453201970443         0.22575306182661903
620.5882352941176         0.2295770475016783
617.560975609756          0.23087326570543182
614.5631067961165         0.23039886165879148
611.5942028985506         0.22894142324568786
608.6538461538461         0.22721359836327237
605.7416267942583         0.22580756219853715
602.8571428571428         0.22519381259595342
599.9999999999999         0.22574434609741223
597.1698113207547         0.22776501421713485
594.3661971830985         0.23152848746692795
591.5887850467288         0.23730436538156272
588.8372093023255         0.24538594455604953
586.1111111111111         0.25611446845314073
583.4101382488478         0.2699019148267137
580.7339449541283         0.2872528513988442
578.0821917808219         0.30878458022847477
575.4545454545454         0.3352422772218815
572.8506787330316         0.3675012283064676
570.2702702702702         0.4065401502329275
567.7130044843049         0.45335626739555923
565.1785714285713         0.5087737882801865
562.6666666666666         0.5730780643127726
560.1769911504424         0.6454101296948198
557.7092511013215         0.7229346916177238
555.2631578947368         0.8000291806314145
552.8384279475981         0.8681357152111464
550.4347826086956         0.9171523136298523
548.051948051948          0.9386152148027326
545.6896551724137         0.9292643095743022
543.3476394849785         0.8924860172594898
541.025641025641          0.8365073302856392
538.7234042553191         0.7708732344315962
536.4406779661016         0.703590992980727
534.1772151898733         0.6399922432948995
531.9327731092436         0.5829211214978232
529.7071129707113         0.5334530278151725
527.4999999999999         0.4916139429100512
