791.2499999999999         0.03449189348850785
786.3354037267079         0.03483120489471881
781.4814814814814         0.035347208981727746
776.6871165644171         0.03604806323767938
771.951219512195          0.03694503109116298
767.2727272727273         0.03805276354903064
762.6506024096384         0.03938966773140376
758.0838323353291         0.04097836837136174
753.5714285714284         0.04284626791577504
749.1124260355028         0.04502620839547814
744.705882352941          0.04755723239025425
740.3508771929824         0.05048542906163757
736.0465116279069         0.053864831057773434
731.7919075144507         0.05775829411661689
727.5862068965516         0.06223823612622686
723.4285714285713         0.06738702615069173
719.3181818181816         0.0732966835782071
715.2542372881354         0.08006735892642104
711.2359550561796         0.08780381083271885
707.262569832402          0.09660877520207871
703.3333333333333         0.10657179253876695
699.4475138121546         0.11775185740705234
695.6043956043954         0.13015247164327026
691.8032786885245         0.14368881659121774
688.0434782608695         0.1581494569471558
684.3243243243243         0.1731597097306493
680.6451612903226         0.18816001074876426
677.0053475935828         0.20241758696757328
673.4042553191488         0.21508825224068018
669.8412698412698         0.22533183540285578
666.315789473684          0.23246023923853043
662.8272251308899         0.23607321597532108
659.3749999999999         0.23613202401284444
655.9585492227978         0.23294418016643295
652.5773195876288         0.22707106806188135
649.2307692307692         0.21919913069355468
645.9183673469387         0.21001922502716877
642.6395939086294         0.2001421034519568
639.3939393939393         0.19005642472587544
636.180904522613          0.18012104021348688
632.9999999999999         0.17057828200988837
629.8507462686566         0.16157647628322575
626.7326732673266         0.15319382940235043
623.6453201970443         0.14545958014555785
620.5882352941176         0.13837091697471365
617.560975609756          0.13190562160572844
614.5631067961165         0.1260310512951789
611.5942028985506         0.12071025333949542
608.6538461538461         0.11590595918991833
605.7416267942583         0.11158307521913173
602.8571428571428         0.10771014455327135
599.9999999999999         0.10426012964681229
597.1698113207547         0.10121076693913812
594.3661971830985         0.09854467185427256
591.5887850467288         0.09624932008805792
588.8372093023255         0.0943169946335784
586.1111111111111         0.09274476310700773
583.4101382488478         0.09153453343395043
580.7339449541283         0.09069322553026225
578.0821917808219         0.09023309062221534
575.4545454545454         0.09017220704889384
572.8506787330316         0.09053518060939927
570.2702702702702         0.09135407729271179
567.7130044843049         0.0926696142538329
565.1785714285713         0.09453262713171104
562.6666666666666         0.0970058109101898
560.1769911504424         0.10016568414578758
557.7092511013215         0.10410462838427602
555.2631578947368         0.10893266301350267
552.8384279475981         0.114778256182832
550.4347826086956         0.1217868211023306
548.051948051948          0.13011441418549335
545.6896551724137         0.13991229042904577
543.3476394849785         0.15129519503837713
541.025641025641          0.16428288105286842
538.7234042553191         0.178702284178295
536.4406779661016         0.19404294234611213
534.1772151898733         0.20928292653210384
531.9327731092436         0.222761552410645
529.7071129707113         0.2322592900042507
527.4999999999999         0.23546813031656816
