791.2499999999999         0.2671970660729339
786.3354037267079         0.254173953129357
781.4814814814814         0.24414776118914147
776.6871165644171         0.23716258660387649
771.951219512195          0.23332149601815877
767.2727272727273         0.2328314193679296
762.6506024096384         0.23605593980426762
758.0838323353291         0.24358520100229927
753.5714285714284         0.2563349006778531
749.1124260355028         0.27568798093293123
744.705882352941          0.3036852002339725
740.3508771929824         0.3432236934968061
736.0465116279069         0.39803071353648645
731.7919075144507         0.47153049803228253
727.5862068965516         0.5620293040922353
723.4285714285713         0.6500748869270596
719.3181818181816         0.6856316201338172
715.2542372881354         0.6206231624654054
711.2359550561796         0.48107638277432
707.262569832402          0.33860690517276254
703.3333333333333         0.2305333835954106
699.4475138121546         0.15762720007174919
695.6043956043954         0.10998293023405611
691.8032786885245         0.07868278399813843
688.0434782608695         0.05771483981860491
684.3243243243243         0.04333011506922645
680.6451612903226         0.033222424954337096
677.0053475935828         0.025958304634696488
673.4042553191488         0.020629240313134622
669.8412698412698         0.016646430810917184
666.315789473684          0.01361960163103115
662.8272251308899         0.011284446760912678
659.3749999999999         0.009458343096539824
655.9585492227978         0.008012749911858715
652.5773195876288         0.006855643351292292
649.2307692307692         0.005920109706671723
645.9183673469387         0.0051567955754240795
642.6395939086294         0.004528820893302315
639.3939393939393         0.004008294053186357
636.180904522613          0.0035738874773058207
632.9999999999999         0.0032091266632594496
629.8507462686566         0.002901166623264852
626.7326732673266         0.0026399060438033898
623.6453201970443         0.002417338585454947
620.5882352941176         0.0022270727804378884
617.560975609756          0.0020639732023371347
614.5631067961165         0.0019238898291436377
611.5942028985506         0.0018034522123934265
608.6538461538461         0.0016999117398091696
605.7416267942583         0.0016110199294438988
602.8571428571428         0.0015349339696934029
599.9999999999999         0.001470143052428495
597.1698113207547         0.00141541072471445
594.3661971830985         0.0013697297042442865
591.5887850467288         0.0013322864992160388
588.8372093023255         0.0013024338383087525
586.1111111111111         0.00127966941616406
583.4101382488478         0.0012636198408871929
580.7339449541283         0.0012540289660423545
578.0821917808219         0.0012507500249414748
575.4545454545454         0.0012537411780549018
572.8506787330316         0.0012630642492144257
570.2702702702702         0.0012788865742743062
567.7130044843049         0.0013014860266093988
565.1785714285713         0.0013312594259346604
562.6666666666666         0.0013687346888325636
560.1769911504424         0.0014145872498723194
557.7092511013215         0.0014696614809821403
555.2631578947368         0.0015349980750309507
552.8384279475981         0.0016118686506699448
550.4347826086956         0.001701819195416614
548.051948051948          0.0018067244119828448
545.6896551724137         0.0019288555920236163
543.3476394849785         0.0020709653387700807
541.025641025641          0.0022363933258623897
538.7234042553191         0.002429198346510841
536.4406779661016         0.0026543232054819193
534.1772151898733         0.0029178005582285805
531.9327731092436         0.0032270096074652273
529.7071129707113         0.003590995586962872
527.4999999999999         0.004020866082469296
