791.2499999999999         0.8560836058913549
786.3354037267079         0.8837005982910391
781.4814814814814         0.9212550374970039
776.6871165644171         0.9637839739020382
771.951219512195          0.9914489245550071
767.2727272727273         0.972552944357782
762.6506024096384         0.884539952301578
758.0838323353291         0.7407692997120947
753.5714285714284         0.5823806607058936
749.1124260355028         0.44337812055973663
744.705882352941          0.3357196774364264
740.3508771929824         0.25710493762902203
736.0465116279069         0.20085192359047171
731.7919075144507         0.16059435528256624
727.5862068965516         0.13149503893227693
723.4285714285713         0.11016287898071514
719.3181818181816         0.09428388158721698
715.2542372881354         0.08228322120268057
711.2359550561796         0.07307859702422506
707.262569832402          0.06591352497951639
703.3333333333333         0.06024778255436716
699.4475138121546         0.055686141142624615
695.6043956043954         0.051932381833511856
691.8032786885245         0.04876018755531361
688.0434782608695         0.04599549077347597
684.3243243243243         0.043506534130670814
680.6451612903226         0.04119868590221721
677.0053475935828         0.03901140437273421
673.4042553191488         0.0369151396418793
669.8412698412698         0.03490673131561469
666.315789473684          0.03300299649881769
662.8272251308899         0.031233324026457673
659.3749999999999         0.029632713731096348
655.9585492227978         0.02823660977933121
652.5773195876288         0.02707827467784743
649.2307692307692         0.02618875776692186
645.9183673469387         0.0255990696332577
642.6395939086294         0.02534408654765716
639.3939393939393         0.02546788608693362
636.180904522613          0.02603047535924489
632.9999999999999         0.02711596618799406
629.8507462686566         0.02884167297571949
626.7326732673266         0.03136499023231249
623.6453201970443         0.03487645308431003
620.5882352941176         0.039543876551058184
617.560975609756          0.045319888627044114
614.5631067961165         0.051469771055971426
611.5942028985506         0.05589757299594113
608.6538461538461         0.055444545755976495
605.7416267942583         0.048738118627181796
602.8571428571428         0.038418192691740904
599.9999999999999         0.02834072871377786
597.1698113207547         0.02041160590307299
594.3661971830985         0.014744989782231585
591.5887850467288         0.010826129402832677
588.8372093023255         0.00812091457324959
586.1111111111111         0.006230750152591718
583.4101382488478         0.004886656032420015
580.7339449541283         0.003912533119423914
578.0821917808219         0.0031933196703198374
575.4545454545454         0.002653060838303947
572.8506787330316         0.002240839337298649
570.2702702702702         0.0019219309638882172
567.7130044843049         0.0016722420046787854
565.1785714285713         0.0014747762131181882
562.6666666666666         0.0013173592604699452
560.1769911504424         0.0011911501312920922
557.7092511013215         0.0010896518899772968
555.2631578947368         0.0010080443516918766
552.8384279475981         9.427277320567545E-4
550.4347826086956         8.910069800267311E-4
548.051948051948          8.508716497316174E-4
545.6896551724137         8.208419883301141E-4
543.3476394849785         7.998620565193592E-4
541.025641025641          7.872273485403084E-4
538.7234042553191         7.82538881641616E-4
536.4406779661016         7.856789270075781E-4
534.1772151898733         7.968060155241385E-4
531.9327731092436         8.163689786156959E-4
529.7071129707113         8.451419192563497E-4
527.4999999999999         8.842845054230291E-4
