791.2499999999999         0.08469085104333135
786.3354037267079         0.08377395834016906
781.4814814814814         0.08515571504645117
776.6871165644171         0.08897460169394873
771.951219512195          0.09565519666852082
767.2727272727273         0.10600860571990198
762.6506024096384         0.12144271066061378
758.0838323353291         0.14436976378322686
753.5714285714284         0.1789884918913502
749.1124260355028         0.23275373945294547
744.705882352941          0.3187824855752064
740.3508771929824         0.45709806325167573
736.0465116279069         0.6572893468379244
731.7919075144507         0.8327400310105106
727.5862068965516         0.7836349241020911
723.4285714285713         0.5612354570051943
719.3181818181816         0.3656086890554952
715.2542372881354         0.24184638555119287
711.2359550561796         0.16777881846097892
707.262569832402          0.1223748794628359
703.3333333333333         0.09335956367968633
699.4475138121546         0.07404579287650699
695.6043956043954         0.06073378256424795
691.8032786885245         0.051300634794752845
688.0434782608695         0.04447989315070784
684.3243243243243         0.039489033851312
680.6451612903226         0.03583070093843464
677.0053475935828         0.03318295498898794
673.4042553191488         0.031336882268132825
669.8412698412698         0.03016056534450694
666.315789473684          0.029578601572392345
662.8272251308899         0.02956163833741605
659.3749999999999         0.030123400225568413
655.9585492227978         0.031324759024393564
652.5773195876288         0.033286414989256725
649.2307692307692         0.03621462855011464
645.9183673469387         0.04044972485806447
642.6395939086294         0.04655827588765161
639.3939393939393         0.05551580949663023
636.180904522613          0.06909226476864805
632.9999999999999         0.0907319637442873
629.8507462686566         0.1277587697070888
626.7326732673266         0.19745814210943832
623.6453201970443         0.34429440873836054
620.5882352941176         0.6614580162360496
617.560975609756          0.9638021363495082
614.5631067961165         0.6192637253220881
611.5942028985506         0.29816824755128357
608.6538461538461         0.1577857865820729
605.7416267942583         0.09416860622528121
602.8571428571428         0.06165909430773689
599.9999999999999         0.043253020332401804
597.1698113207547         0.03197545636820024
594.3661971830985         0.024632849786372826
591.5887850467288         0.01961994557846722
588.8372093023255         0.01606620869423569
586.1111111111111         0.013469467725435072
583.4101382488478         0.01152496290196967
580.7339449541283         0.010039774710261571
578.0821917808219         0.008887385138261318
575.4545454545454         0.007982311356793718
572.8506787330316         0.00726532625077276
570.2702702702702         0.006694524639433794
567.7130044843049         0.006239748835558126
565.1785714285713         0.005879013954914679
562.6666666666666         0.005596161809664373
560.1769911504424         0.005379291739099058
557.7092511013215         0.00521969641099247
555.2631578947368         0.005111134948168956
552.8384279475981         0.005049338155822355
550.4347826086956         0.005031679117639769
548.051948051948          0.0050569669672469175
545.6896551724137         0.005125337947340925
543.3476394849785         0.005238229350675664
541.025641025641          0.005398430732102579
538.7234042553191         0.005610214340169546
536.4406779661016         0.005879554156044933
534.1772151898733         0.006214451262876297
531.9327731092436         0.006625393606578253
529.7071129707113         0.007125991936647382
527.4999999999999         0.007733852730015893
