791.2499999999999         0.3159954330706755
786.3354037267079         0.3062586423419316
781.4814814814814         0.28084643184642416
776.6871165644171         0.24296299793554524
771.951219512195          0.19981783787641808
767.2727272727273         0.15849122761565743
762.6506024096384         0.12311880911850001
758.0838323353291         0.09485022619851267
753.5714285714284         0.07309968323372396
749.1124260355028         0.05665974969634255
744.705882352941          0.04429975085197803
740.3508771929824         0.03498776836393833
736.0465116279069         0.027927990032594028
731.7919075144507         0.02253004591688889
727.5862068965516         0.018363243454820113
723.4285714285713         0.015114914598814361
719.3181818181816         0.012557684791165936
715.2542372881354         0.01052530634952804
711.2359550561796         0.008895314170846083
707.262569832402          0.0075767233727618765
703.3333333333333         0.006501327731061352
699.4475138121546         0.005617531074318648
695.6043956043954         0.004885951549330162
691.8032786885245         0.004276267626621484
688.0434782608695         0.0037649373600437937
684.3243243243243         0.003333535465117748
680.6451612903226         0.0029675306321574344
677.0053475935828         0.0026553789773199623
673.4042553191488         0.0023878463485207824
669.8412698412698         0.0021574976499073926
666.315789473684          0.0019583090404822643
662.8272251308899         0.0017853712456064766
659.3749999999999         0.0016346609503305378
655.9585492227978         0.0015028634445934308
652.5773195876288         0.0013872341284325341
649.2307692307692         0.0012854896857083375
645.9183673469387         0.0011957220598789234
642.6395939086294         0.00111633006679157
639.3939393939393         0.0010459647334082865
636.180904522613          9.834853819275257E-4
632.9999999999999         9.279241739187137E-4
629.8507462686566         8.784573517659193E-4
626.7326732673266         8.34381810169717E-4
623.6453201970443         7.950959314596208E-4
620.5882352941176         7.600838489252634E-4
617.560975609756          7.289024798197407E-4
614.5631067961165         7.011708070668401E-4
611.5942028985506         6.765609956469354E-4
608.6538461538461         6.547910133183907E-4
605.7416267942583         6.356184911667346E-4
602.8571428571428         6.18835611542249E-4
599.9999999999999         6.042648523554626E-4
597.1698113207547         5.917554498183153E-4
594.3661971830985         5.811804683819077E-4
591.5887850467288         5.724343882301751E-4
588.8372093023255         5.654311383547888E-4
586.1111111111111         5.601025178157259E-4
583.4101382488478         5.563969599749668E-4
580.7339449541283         5.542786048220394E-4
578.0821917808219         5.53726653441941E-4
575.4545454545454         5.547349865720314E-4
572.8506787330316         5.573120363800287E-4
570.2702702702702         5.614809073392359E-4
567.7130044843049         5.672797486383941E-4
565.1785714285713         5.747623871872178E-4
562.6666666666666         5.839992372061022E-4
560.1769911504424         5.950785098820877E-4
557.7092511013215         6.081077549148987E-4
555.2631578947368         6.232157753000644E-4
552.8384279475981         6.405549677747029E-4
550.4347826086956         6.603041544618747E-4
548.051948051948          6.826719869513228E-4
545.6896551724137         7.07901023054943E-4
543.3476394849785         7.362725996735267E-4
541.025641025641          7.681126537111692E-4
538.7234042553191         8.037986782278815E-4
536.4406779661016         8.437680448570396E-4
534.1772151898733         8.885279783070584E-4
531.9327731092436         9.386675375953914E-4
529.7071129707113         9.948720455498095E-4
527.4999999999999         0.0010579405183166015
