791.2499999999999         0.14519435708663475
786.3354037267079         0.1308598953543042
781.4814814814814         0.11710423627561985
776.6871165644171         0.10429621009457878
771.951219512195          0.0926484833541784
767.2727272727273         0.08224482865644177
762.6506024096384         0.07307577520344197
758.0838323353291         0.06507238073862326
753.5714285714284         0.05813327470919902
749.1124260355028         0.05214393717052746
744.705882352941          0.046989162338860586
740.3508771929824         0.04256033320710934
736.0465116279069         0.03875910600959892
731.7919075144507         0.035498795600782417
727.5862068965516         0.032704396575208794
723.4285714285713         0.03031186866188149
719.3181818181816         0.02826708483506827
715.2542372881354         0.026524681223851636
711.2359550561796         0.025046943755916627
707.262569832402          0.023802801671322465
703.3333333333333         0.02276695973965487
699.4475138121546         0.02191917989784457
695.6043956043954         0.02124371280552664
691.8032786885245         0.020728876475486963
688.0434782608695         0.02036678029126367
684.3243243243243         0.0201531971349498
680.6451612903226         0.020087593635131434
677.0053475935828         0.02017333905094537
673.4042553191488         0.020418128127045573
669.8412698412698         0.020834674432064874
666.315789473684          0.02144176167692223
662.8272251308899         0.022265786974753073
659.3749999999999         0.023343001331015925
655.9585492227978         0.024722764530659337
652.5773195876288         0.026472310657205313
649.2307692307692         0.028683812603489126
645.9183673469387         0.03148501896583599
642.6395939086294         0.03505555421968063
639.3939393939393         0.03965236431196561
636.180904522613          0.04565015301100351
632.9999999999999         0.05360655632999006
629.8507462686566         0.06436763130892947
626.7326732673266         0.07923506406847569
623.6453201970443         0.1002081695858072
620.5882352941176         0.13022429926561097
617.560975609756          0.1728926048042049
614.5631067961165         0.22976439385114264
611.5942028985506         0.2910561961128944
608.6538461538461         0.3248918791260826
605.7416267942583         0.3018310447741915
602.8571428571428         0.2400865832838774
599.9999999999999         0.17709288741448115
597.1698113207547         0.1288894187612822
594.3661971830985         0.09533826238041287
591.5887850467288         0.07239259636577919
588.8372093023255         0.0565116262209895
586.1111111111111         0.04527859336724846
583.4101382488478         0.03714335812416209
580.7339449541283         0.031118370183789316
578.0821917808219         0.026566162724365624
575.4545454545454         0.023066858130750573
572.8506787330316         0.02033777131136725
570.2702702702702         0.018184488135447784
567.7130044843049         0.016470662109371266
565.1785714285713         0.015099013188055281
562.6666666666666         0.013999135558092173
560.1769911504424         0.013119525641220221
557.7092511013215         0.012422282271522258
555.2631578947368         0.011879537758361034
552.8384279475981         0.011471038423506327
550.4347826086956         0.011182511301457207
548.051948051948          0.011004589510289077
545.6896551724137         0.010932156642063304
543.3476394849785         0.010964030821691562
541.025641025641          0.011102954765420359
538.7234042553191         0.011355898415695679
536.4406779661016         0.011734723513180934
534.1772151898733         0.012257313760912523
531.9327731092436         0.01294935267872925
529.7071129707113         0.013847054338617748
527.4999999999999         0.015001355851288737
