791.2499999999999         0.11060736152465957
786.3354037267079         0.11871431870639065
781.4814814814814         0.12990593504386555
776.6871165644171         0.14516585917935737
771.951219512195          0.16579096869338936
767.2727272727273         0.1932871348104472
762.6506024096384         0.2287427596143245
758.0838323353291         0.2708274655785882
753.5714285714284         0.31156368017595737
749.1124260355028         0.33306120775215314
744.705882352941          0.31725797190948807
740.3508771929824         0.2675209208505932
736.0465116279069         0.20682315966355538
731.7919075144507         0.1536464465215081
727.5862068965516         0.11350200558807733
723.4285714285713         0.08491741962802683
719.3181818181816         0.06484917881367468
715.2542372881354         0.05067235722222916
711.2359550561796         0.040510593485371484
707.262569832402          0.03310084738207876
703.3333333333333         0.027605391209056356
699.4475138121546         0.023466332482313935
695.6043956043954         0.020307667278720545
691.8032786885245         0.017872219975812294
688.0434782608695         0.015981475088055436
684.3243243243243         0.014509898135047425
680.6451612903226         0.013368365241589866
677.0053475935828         0.012493360939398766
673.4042553191488         0.011839887462564673
669.8412698412698         0.011376820853375503
666.315789473684          0.011083940505871174
662.8272251308899         0.010950172415674326
659.3749999999999         0.010972800093460711
655.9585492227978         0.011157562750566372
652.5773195876288         0.011519718990938278
649.2307692307692         0.012086349446124781
645.9183673469387         0.012900467270560448
642.6395939086294         0.014028016488827066
639.3939393939393         0.015569799822902672
636.180904522613          0.017682306411508496
632.9999999999999         0.020615518829471324
629.8507462686566         0.024785120750800003
626.7326732673266         0.030919411806573656
623.6453201970443         0.04038245943551642
620.5882352941176         0.055956968373423586
617.560975609756          0.08398298396226835
614.5631067961165         0.14111507290279193
611.5942028985506         0.27878973772080257
608.6538461538461         0.6476002413816259
605.7416267942583         0.9567304130760209
602.8571428571428         0.4705280167270443
599.9999999999999         0.2098311636121569
597.1698113207547         0.1124274518407766
594.3661971830985         0.06949847168694807
591.5887850467288         0.04744227900598252
588.8372093023255         0.034780160143531184
586.1111111111111         0.026906388580570394
583.4101382488478         0.0217150134655529
580.7339449541283         0.01814091476233279
578.0821917808219         0.015601488619899143
575.4545454545454         0.013757836781837165
572.8506787330316         0.012403055621442637
570.2702702702702         0.011406049943447452
567.7130044843049         0.010681556372179322
565.1785714285713         0.010173374870885519
562.6666666666666         0.009844648454139716
560.1769911504424         0.00967211023064789
557.7092511013215         0.009642691662636866
555.2631578947368         0.009751635301085448
552.8384279475981         0.010001661976158314
550.4347826086956         0.010402984626463154
548.051948051948          0.01097412895397457
545.6896551724137         0.011743668078767347
543.3476394849785         0.012753145618196196
541.025641025641          0.014061695362858931
538.7234042553191         0.01575323528138171
536.4406779661016         0.01794774036982817
534.1772151898733         0.020819212577820503
531.9327731092436         0.02462502277056135
529.7071129707113         0.029755241933772998
527.4999999999999         0.036818430120936496
