791.2499999999999         0.1631676079228988
786.3354037267079         0.12824578673693485
781.4814814814814         0.10172236068742933
776.6871165644171         0.08158981973578801
771.951219512195          0.06624302854350292
767.2727272727273         0.05446267015659309
762.6506024096384         0.04534420874712608
758.0838323353291         0.03822298328930869
753.5714285714284         0.03261141496619452
749.1124260355028         0.028150823799264743
744.705882352941          0.024575926510704806
740.3508771929824         0.02168916903962028
736.0465116279069         0.019342311027402272
731.7919075144507         0.017423230447565635
727.5862068965516         0.01584644522383936
723.4285714285713         0.014546272172510472
719.3181818181816         0.013471858562145448
715.2542372881354         0.012583547613231104
711.2359550561796         0.011850198638696552
707.262569832402          0.011247194019769586
703.3333333333333         0.01075494303345294
699.4475138121546         0.010357746947042116
695.6043956043954         0.010042927987977415
691.8032786885245         0.009800151812096355
688.0434782608695         0.009620892428075428
684.3243243243243         0.009498002632264439
680.6451612903226         0.009425363581856899
677.0053475935828         0.009397595387409112
673.4042553191488         0.009409817356699133
669.8412698412698         0.009457452267596677
666.315789473684          0.009536073980526043
662.8272251308899         0.009641301706336853
659.3749999999999         0.009768746914540204
655.9585492227978         0.009914019576717148
652.5773195876288         0.01007279854164902
649.2307692307692         0.010240965970227054
645.9183673469387         0.010414798221460103
642.6395939086294         0.010591196630820067
639.3939393939393         0.010767933454868485
636.180904522613          0.010943883534730994
632.9999999999999         0.011119213193474954
629.8507462686566         0.011295505357535375
626.7326732673266         0.01147581273073036
623.6453201970443         0.011664646159171265
620.5882352941176         0.011867919501274228
617.560975609756          0.012092882394696578
614.5631067961165         0.012348076999198458
611.5942028985506         0.012643354746280953
608.6538461538461         0.012989986478648958
605.7416267942583         0.013400896904124144
602.8571428571428         0.013891054736099336
599.9999999999999         0.014478055569815544
597.1698113207547         0.015182947529910387
594.3661971830985         0.016031372389436863
591.5887850467288         0.017055130693258796
588.8372093023255         0.018294334168939486
586.1111111111111         0.019800392027583342
583.4101382488478         0.021640205768375366
580.7339449541283         0.02390214664592842
578.0821917808219         0.026704705766746415
575.4545454545454         0.03020921349268457
572.8506787330316         0.03463884651632356
570.2702702702702         0.04030748008755956
567.7130044843049         0.047664112801605124
565.1785714285713         0.0573620103951453
562.6666666666666         0.0703666777055025
560.1769911504424         0.08812229825363974
557.7092511013215         0.11279563031963748
555.2631578947368         0.14758133509179708
552.8384279475981         0.19688655336326255
550.4347826086956         0.26565164236634103
548.051948051948          0.35575414342804673
545.6896551724137         0.45678988147571203
543.3476394849785         0.5370497000631851
541.025641025641          0.5596946590484893
538.7234042553191         0.5217381827706853
536.4406779661016         0.45379101287301765
534.1772151898733         0.38469299828719994
531.9327731092436         0.32702014364438453
529.7071129707113         0.2827750389757945
527.4999999999999         0.25017071253969325
