791.2499999999999         0.053358464467426626
786.3354037267079         0.05573498567287341
781.4814814814814         0.059022788424963675
776.6871165644171         0.06336694863267123
771.951219512195          0.06896719152653022
767.2727272727273         0.076088941009586
762.6506024096384         0.08507516079740796
758.0838323353291         0.09635482611395614
753.5714285714284         0.11043831412004171
749.1124260355028         0.12787945230624778
744.705882352941          0.1491669480995133
740.3508771929824         0.17448915779132806
736.0465116279069         0.20332148001076278
731.7919075144507         0.2338819979065805
727.5862068965516         0.2627654494754508
723.4285714285713         0.28537748001088303
719.3181818181816         0.29757190971041636
715.2542372881354         0.297710632513429
711.2359550561796         0.28742864153235465
707.262569832402          0.2704562717511335
703.3333333333333         0.2507277560810848
699.4475138121546         0.2311831348260991
695.6043956043954         0.21353520978918983
691.8032786885245         0.19855325680124344
688.0434782608695         0.18643885192841297
684.3243243243243         0.17711339240500473
680.6451612903226         0.17039424277802775
677.0053475935828         0.16608908991929244
673.4042553191488         0.16404131180694806
669.8412698412698         0.1641492944676357
666.315789473684          0.16637311794216825
662.8272251308899         0.17073561016611608
659.3749999999999         0.17732090653798963
655.9585492227978         0.18627133979202987
652.5773195876288         0.19778193888497556
649.2307692307692         0.21209056220152964
645.9183673469387         0.22946052923872695
642.6395939086294         0.2501516472489845
639.3939393939393         0.27437527433099096
636.180904522613          0.3022306003192034
632.9999999999999         0.33362425370144033
629.8507462686566         0.36818503683644654
626.7326732673266         0.4051993016625241
623.6453201970443         0.4436045372709789
620.5882352941176         0.48207764804108233
617.560975609756          0.5192286518179013
614.5631067961165         0.5538621821750442
611.5942028985506         0.5852234076664846
608.6538461538461         0.6131369689365238
605.7416267942583         0.6379895450595578
602.8571428571428         0.6605708570214138
599.9999999999999         0.6818302833547455
597.1698113207547         0.7026056283559865
594.3661971830985         0.7233500367397784
591.5887850467288         0.743851445925697
588.8372093023255         0.7629323886057565
586.1111111111111         0.7781576810498281
583.4101382488478         0.7856810685329388
580.7339449541283         0.7805147553024089
578.0821917808219         0.7575822430681247
575.4545454545454         0.7136334267499927
572.8506787330316         0.6492982485827546
570.2702702702702         0.5698200080043507
567.7130044843049         0.4835363364735738
565.1785714285713         0.3989478035819585
562.6666666666666         0.32228814355112884
560.1769911504424         0.2567178552457844
557.7092511013215         0.2028521097686306
555.2631578947368         0.15976344890950062
552.8384279475981         0.12585388950530646
550.4347826086956         0.09940630803271637
548.051948051948          0.07885813493948926
545.6896551724137         0.06289970647573144
543.3476394849785         0.05048199505027659
541.025641025641          0.04078610585707831
538.7234042553191         0.033181888650777036
536.4406779661016         0.027187974305378827
534.1772151898733         0.022437712192685328
531.9327731092436         0.018651847343249817
529.7071129707113         0.015617309278426141
527.4999999999999         0.013171041149049207
