791.2499999999999         0.20454185524556714
786.3354037267079         0.17132524891512868
781.4814814814814         0.14580361433014843
776.6871165644171         0.12612535503542213
771.951219512195          0.11085574422098093
767.2727272727273         0.0989274685203661
762.6506024096384         0.08955817303269349
758.0838323353291         0.08217583414810004
753.5714285714284         0.07636085324030756
749.1124260355028         0.07180369098736344
744.705882352941          0.06827457681361845
740.3508771929824         0.0656019791618679
736.0465116279069         0.06365724147953174
731.7919075144507         0.06234349269099781
727.5862068965516         0.061587490363662366
723.4285714285713         0.061333449804423255
719.3181818181816         0.06153818776835194
715.2542372881354         0.06216710250809039
711.2359550561796         0.06319065434853438
707.262569832402          0.06458112897922447
703.3333333333333         0.06630958053298026
699.4475138121546         0.06834297905386644
695.6043956043954         0.07064173382942114
691.8032786885245         0.07315792118358273
688.0434782608695         0.0758346801844818
684.3243243243243         0.07860729358061327
680.6451612903226         0.0814063706753673
677.0053475935828         0.0841632392902731
673.4042553191488         0.08681715112463743
669.8412698412698         0.08932333546427668
666.315789473684          0.09166052471281395
662.8272251308899         0.09383655012115098
659.3749999999999         0.09589106214433059
655.9585492227978         0.09789524114739792
652.5773195876288         0.09994922998320789
649.2307692307692         0.10217862669715569
645.9183673469387         0.10473156060217467
642.6395939086294         0.1077776795992563
639.3939393939393         0.11150997166712613
636.180904522613          0.11614989713122331
632.9999999999999         0.12195587338909047
629.8507462686566         0.12923458917318087
626.7326732673266         0.13835349968904379
623.6453201970443         0.14975023328375825
620.5882352941176         0.16392865691205988
617.560975609756          0.18141857904888783
614.5631067961165         0.202651572029185
611.5942028985506         0.2276674797707974
608.6538461538461         0.25553880208857505
605.7416267942583         0.2834935031972534
602.8571428571428         0.3061771223348282
599.9999999999999         0.3163642883467723
597.1698113207547         0.30838984585916457
594.3661971830985         0.2824869349063924
591.5887850467288         0.24519412014815667
588.8372093023255         0.20495954363840455
586.1111111111111         0.16785483866332615
583.4101382488478         0.13655003963938186
580.7339449541283         0.11137529258598525
578.0821917808219         0.09159117883703825
575.4545454545454         0.0761723493974189
572.8506787330316         0.06415556905352417
570.2702702702702         0.05474851041890851
567.7130044843049         0.047336297819821294
565.1785714285713         0.04145414604358084
562.6666666666666         0.03675437240983477
560.1769911504424         0.03297744978824093
557.7092511013215         0.029929247148082323
555.2631578947368         0.027463982673219284
552.8384279475981         0.025471742634840273
550.4347826086956         0.02386943771434052
548.051948051948          0.02259428092609239
545.6896551724137         0.02159909978676716
543.3476394849785         0.02084898697750387
541.025641025641          0.020318940949187674
538.7234042553191         0.019992257554735833
536.4406779661016         0.01985951564480694
534.1772151898733         0.019918062803483565
531.9327731092436         0.020171959935140028
529.7071129707113         0.02063239232904423
527.4999999999999         0.021318607284694202
