791.2499999999999         0.22305317640073744
786.3354037267079         0.23007707523817322
781.4814814814814         0.23788524701881475
776.6871165644171         0.24664687039778452
771.951219512195          0.2565540507240573
767.2727272727273         0.26781935272069274
762.6506024096384         0.28066959930765073
758.0838323353291         0.2953327217373681
753.5714285714284         0.3120123109580707
749.1124260355028         0.33084151027247516
744.705882352941          0.3518043634901832
740.3508771929824         0.3746105336460997
736.0465116279069         0.39851373212797253
731.7919075144507         0.4220864984928458
727.5862068965516         0.4430202930322886
723.4285714285713         0.45811449019830974
719.3181818181816         0.4636967798803775
715.2542372881354         0.4566255814929922
711.2359550561796         0.4356160173480737
707.262569832402          0.4021166092890459
703.3333333333333         0.3599990026435704
699.4475138121546         0.3141664379202966
695.6043956043954         0.2690010943932149
691.8032786885245         0.22747727993131495
688.0434782608695         0.191074060725678
684.3243243243243         0.16014378923489658
680.6451612903226         0.13437046573410477
677.0053475935828         0.11313038811809796
673.4042553191488         0.09571713988376475
669.8412698412698         0.08145888253802361
666.315789473684          0.0697676083818545
662.8272251308899         0.06015134401213801
659.3749999999999         0.05220879675849384
655.9585492227978         0.045617229671246914
652.5773195876288         0.04011894477936586
649.2307692307692         0.035508751230715195
645.9183673469387         0.031623258842862864
642.6395939086294         0.02833211494653796
639.3939393939393         0.02553100127716528
636.180904522613          0.02313611177582104
632.9999999999999         0.021079828673720505
629.8507462686566         0.01930734708607895
626.7326732673266         0.017774041160103362
623.6453201970443         0.016443406185317765
620.5882352941176         0.015285446783716813
617.560975609756          0.014275410457094408
614.5631067961165         0.013392788858435905
611.5942028985506         0.012620527115067776
608.6538461538461         0.011944395360567104
605.7416267942583         0.011352487222845386
602.8571428571428         0.010834818106672769
599.9999999999999         0.010383002289030897
597.1698113207547         0.009989992572286627
594.3661971830985         0.009649869864027941
591.5887850467288         0.009357672839914552
588.8372093023255         0.009109259999057692
586.1111111111111         0.008901198092702184
583.4101382488478         0.00873067221189952
580.7339449541283         0.008595413845909252
578.0821917808219         0.008493644036823495
575.4545454545454         0.00842402940851973
572.8506787330316         0.008385649378618956
570.2702702702702         0.008377973301619027
567.7130044843049         0.008400846663897506
565.1785714285713         0.008454485776655257
562.6666666666666         0.008539480707422241
560.1769911504424         0.00865680646872412
557.7092511013215         0.008807842756772561
555.2631578947368         0.008994402815910702
552.8384279475981         0.009218772308546412
550.4347826086956         0.009483759408595678
548.051948051948          0.009792757723996905
545.6896551724137         0.010149824107390628
543.3476394849785         0.010559773953810324
541.025641025641          0.011028297234079975
538.7234042553191         0.011562099301335293
536.4406779661016         0.01216907147105978
534.1772151898733         0.012858497554256375
531.9327731092436         0.013641303970231626
529.7071129707113         0.014530362840641938
527.4999999999999         0.015540859641007562
