791.2499999999999         0.029365466371441284
786.3354037267079         0.03513812874495842
781.4814814814814         0.043275359309069936
776.6871165644171         0.0551469583845629
771.951219512195          0.07321860840419239
767.2727272727273         0.1021743367206502
762.6506024096384         0.15132087541313805
758.0838323353291         0.23891731603309319
753.5714285714284         0.39105538124309336
749.1124260355028         0.5762747265844229
744.705882352941          0.5867940663542286
740.3508771929824         0.41307907137480865
736.0465116279069         0.262042574652583
731.7919075144507         0.1724981733639775
727.5862068965516         0.12121115520374467
723.4285714285713         0.09054380941430966
719.3181818181816         0.07123755548803522
715.2542372881354         0.05854725005050012
711.2359550561796         0.04994505725478136
707.262569832402          0.0440194052985248
703.3333333333333         0.03995039541777659
699.4475138121546         0.03725116904975596
695.6043956043954         0.03563591582256104
691.8032786885245         0.03495192740888313
688.0434782608695         0.035147286662955114
684.3243243243243         0.036262154918559934
680.6451612903226         0.03844116450336408
677.0053475935828         0.04197297555273406
673.4042553191488         0.047376096087813915
669.8412698412698         0.05557789532276733
666.315789473684          0.06830392008458774
662.8272251308899         0.08899314494220838
659.3749999999999         0.1251806093236435
655.9585492227978         0.1954514681930462
652.5773195876288         0.3509751171665508
649.2307692307692         0.706143424161944
645.9183673469387         0.9621317762991035
642.6395939086294         0.5190353024772305
639.3939393939393         0.23450649184249897
636.180904522613          0.12179855392324954
632.9999999999999         0.07200160543430537
629.8507462686566         0.04676402070508008
626.7326732673266         0.03253283036205828
623.6453201970443         0.023839428644423215
620.5882352941176         0.01819490183707267
617.560975609756          0.014351368259759037
614.5631067961165         0.011633045515242775
611.5942028985506         0.009650521858389965
608.6538461538461         0.008167704613780365
605.7416267942583         0.00703528310072613
602.8571428571428         0.006155414429953382
599.9999999999999         0.005462015431364855
597.1698113207547         0.004909282386480056
594.3661971830985         0.004464751863095337
591.5887850467288         0.004104969403398099
588.8372093023255         0.0038127087987531775
586.1111111111111         0.003575142035177491
583.4101382488478         0.0033826082312561475
580.7339449541283         0.003227769347809857
578.0821917808219         0.0031050212405897217
575.4545454545454         0.0030100767430261293
572.8506787330316         0.0029396668452291155
570.2702702702702         0.002891324385334167
567.7130044843049         0.0028632263702062966
565.1785714285713         0.0028540786474060623
562.6666666666666         0.002863031681849063
560.1769911504424         0.0028896195770083967
557.7092511013215         0.0029337167995823203
555.2631578947368         0.0029955086858694056
552.8384279475981         0.003075472967398522
550.4347826086956         0.003174370413966928
548.051948051948          0.0032932433677232316
545.6896551724137         0.0034334215171709305
543.3476394849785         0.0035965348039779985
541.025641025641          0.0037845339291263233
538.7234042553191         0.003999719586870305
536.4406779661016         0.004244782364711635
534.1772151898733         0.004522856268448354
531.9327731092436         0.004837590132758635
529.7071129707113         0.005193242839933315
527.4999999999999         0.0055948103922552695
