791.2499999999999         0.25021412960160555
786.3354037267079         0.25845429050136914
781.4814814814814         0.2737862540495503
776.6871165644171         0.2976299808417238
771.951219512195          0.3322900138186271
767.2727272727273         0.3812234945823285
762.6506024096384         0.44924246842672666
758.0838323353291         0.5420974515790283
753.5714285714284         0.663720884033511
749.1124260355028         0.8073270775819728
744.705882352941          0.9383688790471767
740.3508771929824         0.9902376297337032
736.0465116279069         0.9178575438150411
731.7919075144507         0.7585758660640188
727.5862068965516         0.5866425464776529
723.4285714285713         0.4441615200525292
719.3181818181816         0.3383107734129073
715.2542372881354         0.26250653803089374
711.2359550561796         0.2084043364997145
707.262569832402          0.16937267148416071
703.3333333333333         0.14076212640287022
699.4475138121546         0.11943514903037167
695.6043956043954         0.10328587528419042
691.8032786885245         0.09088909639493944
688.0434782608695         0.08126670425975344
684.3243243243243         0.07373672471626375
680.6451612903226         0.06781607477174216
677.0053475935828         0.0631574369378872
673.4042553191488         0.059507745756759496
669.8412698412698         0.05668046367976644
666.315789473684          0.054536755997322314
662.8272251308899         0.05297248234366063
659.3749999999999         0.05190903635167648
655.9585492227978         0.05128675646922323
652.5773195876288         0.05106006495227037
649.2307692307692         0.051193768507476665
645.9183673469387         0.05166013374938325
642.6395939086294         0.0524364711584825
639.3939393939393         0.05350304637816809
636.180904522613          0.05484120289771046
632.9999999999999         0.05643163542859511
629.8507462686566         0.058252804500359995
626.7326732673266         0.060279532129565584
623.6453201970443         0.06248186403941017
620.5882352941176         0.06482431992845542
617.560975609756          0.06726567041112748
614.5631067961165         0.06975936703494005
611.5942028985506         0.07225470265317809
608.6538461538461         0.07469869377223903
605.7416267942583         0.0770385665811153
602.8571428571428         0.07922461848766134
599.9999999999999         0.0812131476740526
597.1698113207547         0.08296912061404144
594.3661971830985         0.08446829230616373
591.5887850467288         0.08569859552715005
588.8372093023255         0.08666074526338567
586.1111111111111         0.08736812788759166
583.4101382488478         0.08784613418155778
580.7339449541283         0.08813113984157672
578.0821917808219         0.08826934262115411
575.4545454545454         0.08831564868761
572.8506787330316         0.08833278126800688
570.2702702702702         0.0883907770571348
567.7130044843049         0.08856704853566946
565.1785714285713         0.08894722758674366
562.6666666666666         0.08962707293581834
560.1769911504424         0.09071583358845009
557.7092511013215         0.09234163946850514
555.2631578947368         0.09465978933439285
552.8384279475981         0.09786531519394626
550.4347826086956         0.10221208461541646
548.051948051948          0.10804225887249146
545.6896551724137         0.11583273202011311
543.3476394849785         0.12627036779721523
541.025641025641          0.14037770584037215
538.7234042553191         0.1597299238543356
536.4406779661016         0.18684116788222535
534.1772151898733         0.22586851582196166
531.9327731092436         0.28388928209332975
529.7071129707113         0.3730002103888242
527.4999999999999         0.5121111226518493
