791.2499999999999         0.7841854680960364
786.3354037267079         0.94951326812188
781.4814814814814         0.5514819140506524
776.6871165644171         0.28796638364903343
771.951219512195          0.1688544777451919
767.2727272727273         0.11072231415838828
762.6506024096384         0.079030376038341
758.0838323353291         0.06013586053490305
753.5714285714284         0.04808947247600077
749.1124260355028         0.04002171559580238
744.705882352941          0.03442690692947311
740.3508771929824         0.030459759853742153
736.0465116279069         0.027619924439729972
731.7919075144507         0.025599290646213437
727.5862068965516         0.024203273321488417
723.4285714285713         0.0233081587786882
719.3181818181816         0.022837169170780252
715.2542372881354         0.02274685612926297
711.2359550561796         0.023019602178998913
707.262569832402          0.023660083247147384
703.3333333333333         0.024694669796425314
699.4475138121546         0.02617344023885171
695.6043956043954         0.028175016999787982
691.8032786885245         0.030814985175143455
688.0434782608695         0.03425937402646023
684.3243243243243         0.0387457785172084
680.6451612903226         0.044616500901965124
677.0053475935828         0.052371171092612925
673.4042553191488         0.0627516622600787
669.8412698412698         0.07688146277207393
666.315789473684          0.09649755496094138
662.8272251308899         0.12433744391144534
659.3749999999999         0.16477045805214532
655.9585492227978         0.22473449417417446
652.5773195876288         0.31469080029392327
649.2307692307692         0.44768487191914513
645.9183673469387         0.6297706989701346
642.6395939086294         0.8315618730706268
639.3939393939393         0.9663022477605456
636.180904522613          0.9620709011407499
632.9999999999999         0.8540997535110341
629.8507462686566         0.7215013300893423
626.7326732673266         0.607482132182545
623.6453201970443         0.5213227542672036
620.5882352941176         0.45957766425088026
617.560975609756          0.41661381541148007
614.5631067961165         0.3876422722252576
611.5942028985506         0.3691065187101378
608.6538461538461         0.358413668744114
605.7416267942583         0.3535940457669267
602.8571428571428         0.35302509215959005
599.9999999999999         0.3552427458735067
597.1698113207547         0.35884764508421635
594.3661971830985         0.3625141930781054
591.5887850467288         0.3650973291832626
588.8372093023255         0.36579788120553897
586.1111111111111         0.3643107843978149
583.4101382488478         0.36087625534134826
580.7339449541283         0.35620003776211273
578.0821917808219         0.35127754919877213
575.4545454545454         0.34719684899551045
572.8506787330316         0.3449830298532058
570.2702702702702         0.3455017409599648
567.7130044843049         0.34939449816298307
565.1785714285713         0.35698749102993027
562.6666666666666         0.3680953700255192
560.1769911504424         0.38163593164724174
557.7092511013215         0.3950328456858338
555.2631578947368         0.4036513325144087
552.8384279475981         0.4010966207445635
550.4347826086956         0.38156180028496645
548.051948051948          0.3438634920442261
545.6896551724137         0.2935134553641631
543.3476394849785         0.2397422260883094
541.025641025641          0.19034367804439545
538.7234042553191         0.14916053599233065
536.4406779661016         0.11673901332871783
534.1772151898733         0.09196496807084888
531.9327731092436         0.07326300231560513
529.7071129707113         0.05916530570789694
527.4999999999999         0.048488919631454956
