791.2499999999999         0.4723141745660635
786.3354037267079         0.5251214999049544
781.4814814814814         0.5793256332258934
776.6871165644171         0.6307915839637792
771.951219512195          0.6748548546233701
767.2727272727273         0.7076165772311599
762.6506024096384         0.727260475044291
758.0838323353291         0.734624364023255
753.5714285714284         0.7327194945715494
749.1124260355028         0.7256101970721637
744.705882352941          0.7173381035498035
740.3508771929824         0.7112957148094237
736.0465116279069         0.7100556122357919
731.7919075144507         0.7154626565725055
727.5862068965516         0.72879159376025
723.4285714285713         0.7508346814875017
719.3181818181816         0.7818314524952995
715.2542372881354         0.8211720079250934
711.2359550561796         0.8668292004939133
707.262569832402          0.9145773139936554
703.3333333333333         0.9573353930698699
699.4475138121546         0.9854275506696301
695.6043956043954         0.9887430085213191
691.8032786885245         0.9607794529740232
688.0434782608695         0.9023204684994457
684.3243243243243         0.8215843909694758
680.6451612903226         0.7304176946663463
677.0053475935828         0.6396041699046452
673.4042553191488         0.5562712588960634
669.8412698412698         0.48376581851665595
666.315789473684          0.4227603429532401
662.8272251308899         0.3724677008031413
659.3749999999999         0.33150566348687627
655.9585492227978         0.2983858578317752
652.5773195876288         0.27174211778118823
649.2307692307692         0.25041126729408697
645.9183673469387         0.2334416673086173
642.6395939086294         0.22007171289132804
639.3939393939393         0.20969935740014764
636.180904522613          0.20185213647256722
632.9999999999999         0.19616137088543423
629.8507462686566         0.19234158611284358
626.7326732673266         0.190175132631402
623.6453201970443         0.18950168639971351
620.5882352941176         0.19021232966938711
617.560975609756          0.19224805719864593
614.5631067961165         0.19560274327737898
611.5942028985506         0.20033083953929454
608.6538461538461         0.20656041231220212
605.7416267942583         0.21451268633209436
602.8571428571428         0.2245302024064655
599.9999999999999         0.23711721685728454
597.1698113207547         0.25299825803208137
594.3661971830985         0.2732038306284513
591.5887850467288         0.2991953713959488
588.8372093023255         0.3330410176604749
586.1111111111111         0.3776355883470103
583.4101382488478         0.4368748408401157
580.7339449541283         0.5153982886058002
578.0821917808219         0.6166312502013935
575.4545454545454         0.7359585422616398
572.8506787330316         0.8456399415223448
570.2702702702702         0.8851197445873643
567.7130044843049         0.8047712172470008
565.1785714285713         0.637954715564287
562.6666666666666         0.46413521643242855
560.1769911504424         0.3272627185848518
557.7092511013215         0.2313225943836461
555.2631578947368         0.16647804090658716
552.8384279475981         0.12264876222961942
550.4347826086956         0.09257143668898185
548.051948051948          0.07150445651659196
545.6896551724137         0.05642899481351697
543.3476394849785         0.04541715426943502
541.025641025641          0.037219820283441035
538.7234042553191         0.031012372391543624
536.4406779661016         0.026239532479891393
534.1772151898733         0.022520058019902454
531.9327731092436         0.0195873474460054
529.7071129707113         0.0172517734034265
527.4999999999999         0.015376353273956724
