791.2499999999999         0.24506101515376974
786.3354037267079         0.39040048529240184
781.4814814814814         0.641927386146029
776.6871165644171         0.9399843826881361
771.951219512195          0.9471559720473784
767.2727272727273         0.6696995295221445
762.6506024096384         0.43084132496089306
758.0838323353291         0.28800173089136843
753.5714285714284         0.20531477420021618
749.1124260355028         0.15541702260447363
744.705882352941          0.12377337225270064
740.3508771929824         0.10285334773663948
736.0465116279069         0.0886073232594801
731.7919075144507         0.0787536517711698
727.5862068965516         0.0719532228229429
723.4285714285713         0.06739777603969482
719.3181818181816         0.06459619541583793
715.2542372881354         0.06326019728091162
711.2359550561796         0.06324306375811234
707.262569832402          0.0645091764961327
703.3333333333333         0.06712399077224354
699.4475138121546         0.07126072443933462
695.6043956043954         0.07722475235571939
691.8032786885245         0.0855015074818753
688.0434782608695         0.09684046867810421
684.3243243243243         0.11239919382708699
680.6451612903226         0.1339916779512046
677.0053475935828         0.16452106401310404
673.4042553191488         0.20873114455184855
669.8412698412698         0.2744428341822029
666.315789473684          0.37413792543645613
662.8272251308899         0.524512616875458
659.3749999999999         0.7320471681048225
655.9585492227978         0.93843391293687
652.5773195876288         0.9864988150018862
649.2307692307692         0.8235939889892665
645.9183673469387         0.5994778530968309
642.6395939086294         0.42099851746991596
639.3939393939393         0.2997422244904923
636.180904522613          0.21960951288600258
632.9999999999999         0.16573353641987634
629.8507462686566         0.12839871833388844
626.7326732673266         0.1016908336528475
623.6453201970443         0.08201596939702419
620.5882352941176         0.0671451613924299
617.560975609756          0.05565764507970308
614.5631067961165         0.04662122196492536
611.5942028985506         0.039406462591259524
608.6538461538461         0.033576385378451486
605.7416267942583         0.028819427284423032
602.8571428571428         0.0249078095762299
599.9999999999999         0.021671138093727144
597.1698113207547         0.018979326835870412
594.3661971830985         0.016731325126864722
591.5887850467288         0.014847511744192302
588.8372093023255         0.013264440044830943
586.1111111111111         0.011931115003207293
583.4101382488478         0.01080628799789507
580.7339449541283         0.009856443693715258
578.0821917808219         0.009054270309709442
575.4545454545454         0.008377477291035723
572.8506787330316         0.007807869842736838
570.2702702702702         0.00733061845215749
567.7130044843049         0.006933679930216032
565.1785714285713         0.006607338632087001
562.6666666666666         0.006343844805063892
560.1769911504424         0.006137132929309299
557.7092511013215         0.005982607364546511
555.2631578947368         0.005876986153706689
552.8384279475981         0.005818196832260954
550.4347826086956         0.005805320816707305
548.051948051948          0.005838585620096499
545.6896551724137         0.005919406985190251
543.3476394849785         0.006050486285481983
541.025641025641          0.00623597253574161
538.7234042553191         0.006481703504242164
536.4406779661016         0.006795547333989919
534.1772151898733         0.007187875642822454
531.9327731092436         0.007672212595383623
529.7071129707113         0.008266123908899995
527.4999999999999         0.008992438210767359
