791.2499999999999         0.6621478113659188
786.3354037267079         0.6497564358419095
781.4814814814814         0.6293704524825394
776.6871165644171         0.6075850425437999
771.951219512195          0.5879201802363121
767.2727272727273         0.5717042695289535
762.6506024096384         0.5589665499958664
758.0838323353291         0.5490407641350578
753.5714285714284         0.5409187485644744
749.1124260355028         0.5334536609678225
744.705882352941          0.5254877025558006
740.3508771929824         0.5159450526263182
736.0465116279069         0.5039070686082766
731.7919075144507         0.48867507727125814
727.5862068965516         0.46982233474595947
723.4285714285713         0.4472350974662966
719.3181818181816         0.4211384490044877
715.2542372881354         0.39209554452801926
711.2359550561796         0.360965109506451
707.262569832402          0.3288086918464072
703.3333333333333         0.2967571697258395
699.4475138121546         0.26586579200283283
695.6043956043954         0.2369948427293957
691.8032786885245         0.21074290979568855
688.0434782608695         0.18743865394489553
684.3243243243243         0.16717792688157038
680.6451612903226         0.14988455654380864
677.0053475935828         0.13537505319464757
673.4042553191488         0.1234147762665114
669.8412698412698         0.11376066079377763
666.315789473684          0.10619085779378179
662.8272251308899         0.10052428857912904
659.3749999999999         0.09663391946370399
655.9585492227978         0.09445744243897108
652.5773195876288         0.09400863675301753
649.2307692307692         0.09539224541863407
645.9183673469387         0.0988245178323212
642.6395939086294         0.10465953312415781
639.3939393939393         0.11341461391889193
636.180904522613          0.12576708285421642
632.9999999999999         0.1424357791739821
629.8507462686566         0.16372119796131349
626.7326732673266         0.18826450842331177
623.6453201970443         0.21078602116729134
620.5882352941176         0.22090446612977932
617.560975609756          0.20898037850757645
614.5631067961165         0.17724053831528472
611.5942028985506         0.13867001582065264
608.6538461538461         0.10427038505961568
605.7416267942583         0.07780187480345883
602.8571428571428         0.058674410707853765
599.9999999999999         0.04510919526378555
597.1698113207547         0.03546554376618275
594.3661971830985         0.028529431180263975
591.5887850467288         0.023466262358873655
588.8372093023255         0.019715007997160836
586.1111111111111         0.01689889981574416
583.4101382488478         0.014762836586137544
580.7339449541283         0.013132136566506003
578.0821917808219         0.011885890897735672
575.4545454545454         0.010939802214022827
572.8506787330316         0.010235106323677594
570.2702702702702         0.009731424076045367
567.7130044843049         0.009402214341288122
565.1785714285713         0.00923203048245293
562.6666666666666         0.00921513618036043
560.1769911504424         0.009355296356875735
557.7092511013215         0.009666792244631593
555.2631578947368         0.010176985341321224
552.8384279475981         0.010931172783520475
550.4347826086956         0.012001221984739584
548.051948051948          0.013500941624051216
545.6896551724137         0.015614264320942426
543.3476394849785         0.018649410962414893
541.025641025641          0.02314961635954803
538.7234042553191         0.030137607292835534
536.4406779661016         0.041709189460510186
534.1772151898733         0.0626510220956219
531.9327731092436         0.1054628030327032
529.7071129707113         0.20711727273000252
527.4999999999999         0.44921559427538665
