791.2499999999999         0.021800291381527823
786.3354037267079         0.024971893471623943
781.4814814814814         0.029114676431991178
776.6871165644171         0.03461136110995586
771.951219512195          0.042039487531508386
767.2727272727273         0.052285942149705215
762.6506024096384         0.0667259957133038
758.0838323353291         0.08746936110725698
753.5714285714284         0.11754725858032715
749.1124260355028         0.16037807968086504
744.705882352941          0.21635778032449068
740.3508771929824         0.2737039329306983
736.0465116279069         0.3031807179369794
731.7919075144507         0.2850451497978823
727.5862068965516         0.23692249964826267
723.4285714285713         0.1864974114267678
719.3181818181816         0.14600861177147206
715.2542372881354         0.11637720595480595
711.2359550561796         0.09521903698524503
707.262569832402          0.08008945589482425
703.3333333333333         0.06917017332661506
699.4475138121546         0.061221813355119066
695.6043956043954         0.05541921013362421
691.8032786885245         0.05121419677466108
688.0434782608695         0.04824190184780132
684.3243243243243         0.04626056135051558
680.6451612903226         0.045113733953471236
677.0053475935828         0.044706997874502434
673.4042553191488         0.04499413363568736
669.8412698412698         0.04596984113853077
666.315789473684          0.04766739880458856
662.8272251308899         0.05016061979256229
659.3749999999999         0.053570212672051684
655.9585492227978         0.05807537733983598
652.5773195876288         0.06393229840341694
649.2307692307692         0.07150224952799676
645.9183673469387         0.08129332238802495
642.6395939086294         0.09402104728678648
639.3939393939393         0.11069296122427232
636.180904522613          0.13271553998508076
632.9999999999999         0.1619934899264793
629.8507462686566         0.20089860666383444
626.7326732673266         0.2517317565264145
623.6453201970443         0.3147824008573154
620.5882352941176         0.38377972215401923
617.560975609756          0.4403522462447079
614.5631067961165         0.45828066698760817
611.5942028985506         0.42602033262263217
608.6538461538461         0.3604521028621221
605.7416267942583         0.288107321115897
602.8571428571428         0.22493057430804894
599.9999999999999         0.175178251844416
597.1698113207547         0.13756683628187058
594.3661971830985         0.109425971388558
591.5887850467288         0.0882862140041734
588.8372093023255         0.07224251801833449
586.1111111111111         0.05991457177386736
583.4101382488478         0.050321875019872314
580.7339449541283         0.04276868908757958
578.0821917808219         0.03675758947157344
575.4545454545454         0.03192885876819939
572.8506787330316         0.028019023068601597
570.2702702702702         0.0248326296268332
567.7130044843049         0.02222295643311692
565.1785714285713         0.020078711332338697
562.6666666666666         0.01831476328127868
560.1769911504424         0.016865614277193762
557.7092511013215         0.015680759900647014
555.2631578947368         0.014721374678479388
552.8384279475981         0.013957948699053592
550.4347826086956         0.01336862961278966
548.051948051948          0.012938112805816289
545.6896551724137         0.012656988023742988
543.3476394849785         0.012521504595465867
541.025641025641          0.012533769427888194
538.7234042553191         0.01270245249639306
536.4406779661016         0.013044157653628435
534.1772151898733         0.013585744650232032
531.9327731092436         0.014368100958187312
529.7071129707113         0.01545223357491494
527.4999999999999         0.016929226046832002
