791.2499999999999         0.6019627282852217
786.3354037267079         0.6084855970899989
781.4814814814814         0.6174893102772777
776.6871165644171         0.6279126651144351
771.951219512195          0.638674344702514
767.2727272727273         0.6488152363202501
762.6506024096384         0.6576571650945561
758.0838323353291         0.6649353592294248
753.5714285714284         0.6708599825342032
749.1124260355028         0.6760842444369076
744.705882352941          0.6815907700911379
740.3508771929824         0.6885324071006919
736.0465116279069         0.6980644902515045
731.7919075144507         0.71118557277435
727.5862068965516         0.7285763170600462
723.4285714285713         0.7504053934121452
719.3181818181816         0.7760680735639041
715.2542372881354         0.8038524745357644
711.2359550561796         0.8306126836572267
707.262569832402          0.8516779103769019
703.3333333333333         0.861371923495691
699.4475138121546         0.8544282777454414
695.6043956043954         0.8280124663132625
691.8032786885245         0.7832507484800989
688.0434782608695         0.7250830161004154
684.3243243243243         0.6604163217573942
680.6451612903226         0.5958356367349323
677.0053475935828         0.5361472211463096
673.4042553191488         0.48407634430648494
669.8412698412698         0.44069484417696303
666.315789473684          0.4060529428167649
662.8272251308899         0.3797180930205535
659.3749999999999         0.3611413607139378
655.9585492227978         0.3498784876625553
652.5773195876288         0.3457193776085082
649.2307692307692         0.3487727302821736
645.9183673469387         0.35953763250527143
642.6395939086294         0.3789785812347771
639.3939393939393         0.40860087856836175
636.180904522613          0.45048558585035176
632.9999999999999         0.5071574542155174
629.8507462686566         0.5809761190722139
626.7326732673266         0.6724377667396507
623.6453201970443         0.7766218625039738
620.5882352941176         0.8782602857557732
617.560975609756          0.9504811908432371
614.5631067961165         0.9662156427969341
611.5942028985506         0.9190151022040027
608.6538461538461         0.8290504759754742
605.7416267942583         0.7257189456091148
602.8571428571428         0.6299798978391274
599.9999999999999         0.5507826505544956
597.1698113207547         0.48930412495575076
594.3661971830985         0.44326788542109474
591.5887850467288         0.40921159310603994
588.8372093023255         0.38319283198262855
586.1111111111111         0.36074665192400174
583.4101382488478         0.33683975671216554
580.7339449541283         0.30665736594219756
578.0821917808219         0.26769755299743
575.4545454545454         0.22188419646044683
572.8506787330316         0.1749271538251242
570.2702702702702         0.13275289897298642
567.7130044843049         0.098563068594248
565.1785714285713         0.07265375564843746
562.6666666666666         0.05374506433591274
560.1769911504424         0.040168880460033266
557.7092511013215         0.030446790134724417
555.2631578947368         0.023446010668223813
552.8384279475981         0.01835402726794513
550.4347826086956         0.01460481363475633
548.051948051948          0.011807981337389297
545.6896551724137         0.009694150956564366
543.3476394849785         0.008076276610978737
541.025641025641          0.006823259962919082
538.7234042553191         0.00584220872453654
536.4406779661016         0.00506654155575531
534.1772151898733         0.0044479842434901285
531.9327731092436         0.0039511456230470554
529.7071129707113         0.0035498083648849163
527.4999999999999         0.0032243671623869816
