791.2499999999999         0.1812920675247602
786.3354037267079         0.1575120452797932
781.4814814814814         0.13963754209615803
776.6871165644171         0.12654978062572064
771.951219512195          0.11731856308047124
767.2727272727273         0.1112725964550835
762.6506024096384         0.10798700834928178
758.0838323353291         0.10726026931946675
753.5714285714284         0.10910705184745328
749.1124260355028         0.11377993710773644
744.705882352941          0.1218341214045467
740.3508771929824         0.13426072048385704
736.0465116279069         0.15273899195541824
731.7919075144507         0.18010524293889027
727.5862068965516         0.2212159668895933
723.4285714285713         0.28444290235429254
719.3181818181816         0.38354434993405073
715.2542372881354         0.5353514262903173
711.2359550561796         0.7293359846441425
707.262569832402          0.8412849926172012
703.3333333333333         0.7202433139178405
699.4475138121546         0.4921569396664968
695.6043956043954         0.3152657724954905
691.8032786885245         0.20614473515509826
688.0434782608695         0.1408622078220384
684.3243243243243         0.10067380351059443
680.6451612903226         0.07487891545452822
677.0053475935828         0.05763112975192497
673.4042553191488         0.0456712054671136
669.8412698412698         0.03711410886826467
666.315789473684          0.030826088816906162
662.8272251308899         0.02609961442071282
659.3749999999999         0.02247815718156231
655.9585492227978         0.019658269736375494
652.5773195876288         0.01743289499560655
649.2307692307692         0.01565744656486083
645.9183673469387         0.01422889372940401
642.6395939086294         0.013072508749167221
639.3939393939393         0.012133260343881775
636.180904522613          0.011370099568361767
632.9999999999999         0.010752090181611364
629.8507462686566         0.010255741580105407
626.7326732673266         0.009863141978879431
623.6453201970443         0.009560634384374218
620.5882352941176         0.009337867441024066
617.560975609756          0.009187109720712286
614.5631067961165         0.009102752340226183
611.5942028985506         0.009080948549320685
608.6538461538461         0.009119354723071736
605.7416267942583         0.009216947838446054
602.8571428571428         0.009373901781172317
599.9999999999999         0.009591509836430501
597.1698113207547         0.009872144191010856
594.3661971830985         0.010219245694898552
591.5887850467288         0.010637338824997363
588.8372093023255         0.011132068003666304
586.1111111111111         0.011710252347609813
583.4101382488478         0.012379956749249844
580.7339449541283         0.0131505781372544
578.0821917808219         0.014032947090018661
575.4545454545454         0.01503944702222689
572.8506787330316         0.016184156351232565
570.2702702702702         0.017483023876802412
567.7130044843049         0.01895409462546223
565.1785714285713         0.020617813163083254
562.6666666666666         0.022497444329098677
560.1769911504424         0.02461966781250913
557.7092511013215         0.027015423162827568
555.2631578947368         0.029721105944580613
552.8384279475981         0.032780244523906384
550.4347826086956         0.036245822390930243
548.051948051948          0.040183457268259205
545.6896551724137         0.04467571343186499
543.3476394849785         0.04982792048347296
541.025641025641          0.05577601916659984
538.7234042553191         0.06269717869005217
536.4406779661016         0.07082426389850865
534.1772151898733         0.08046571383593572
531.9327731092436         0.09203306157075615
529.7071129707113         0.10607917723357563
527.4999999999999         0.12335121108731886
