791.2499999999999         0.031075058885101006
786.3354037267079         0.0365588420537477
781.4814814814814         0.043642529961970725
776.6871165644171         0.0529329505191833
771.951219512195          0.06532397379393995
767.2727272727273         0.0821558423659243
762.6506024096384         0.10546981199549998
758.0838323353291         0.13840603128670362
753.5714285714284         0.18577883115059265
749.1124260355028         0.2547202894718543
744.705882352941          0.35467560633089074
740.3508771929824         0.49423300337921816
736.0465116279069         0.6695137382096988
731.7919075144507         0.8442288333839858
727.5862068965516         0.9525167191777907
723.4285714285713         0.957185021496532
719.3181818181816         0.8872933602300107
715.2542372881354         0.7944345840617115
711.2359550561796         0.710567296968673
707.262569832402          0.6466248262105225
703.3333333333333         0.6034485125147342
699.4475138121546         0.5787722336381799
695.6043956043954         0.5698567143444532
691.8032786885245         0.5739140701653787
688.0434782608695         0.5874592462993637
684.3243243243243         0.6050089169148534
680.6451612903226         0.6176926033028164
677.0053475935828         0.6134599267714729
673.4042553191488         0.5814409060251065
669.8412698412698         0.5197037967386372
666.315789473684          0.43860202325768843
662.8272251308899         0.35414320575043984
659.3749999999999         0.2785613257820873
655.9585492227978         0.2169447613647299
652.5773195876288         0.16924104642427992
649.2307692307692         0.13319320552162592
645.9183673469387         0.10615568300070227
642.6395939086294         0.08583131790127857
639.3939393939393         0.07043913160194075
636.180904522613          0.05866512471178941
632.9999999999999         0.04955951905614556
629.8507462686566         0.04243967855375181
626.7326732673266         0.036813854289492166
623.6453201970443         0.032325489009170864
620.5882352941176         0.02871379680504702
617.560975609756          0.025786199689416013
614.5631067961165         0.023399096387541278
611.5942028985506         0.021444400422622478
608.6538461538461         0.01984005770897272
605.7416267942583         0.01852331549334651
602.8571428571428         0.017445904829214355
599.9999999999999         0.01657056479830299
597.1698113207547         0.015868516704390104
594.3661971830985         0.015317618243795688
591.5887850467288         0.01490101036555863
588.8372093023255         0.014606126071141645
586.1111111111111         0.014423969360380583
583.4101382488478         0.014348599605739379
580.7339449541283         0.014376775602155098
578.0821917808219         0.014507726876927548
575.4545454545454         0.014743029156276349
572.8506787330316         0.015086567149591031
570.2702702702702         0.01554457152292453
567.7130044843049         0.016125718160107244
565.1785714285713         0.016841276191162158
562.6666666666666         0.01770528594494379
560.1769911504424         0.018734737491569228
557.7092511013215         0.019949702594505965
555.2631578947368         0.02137334475731047
552.8384279475981         0.023031690212187622
550.4347826086956         0.024952984278999592
548.051948051948          0.027166382732194547
545.6896551724137         0.029699645274086684
543.3476394849785         0.03257543444116117
541.025641025641          0.0358058363981392
538.7234042553191         0.039384912887143964
536.4406779661016         0.043279608990164684
534.1772151898733         0.047420305036720435
531.9327731092436         0.051693668397361225
529.7071129707113         0.05594177657704481
527.4999999999999         0.05997172839927149
