791.2499999999999         0.1378215407465268
786.3354037267079         0.1423000887218663
781.4814814814814         0.14773134763730647
776.6871165644171         0.1540348399634333
771.951219512195          0.16109632712089117
767.2727272727273         0.16875922123487827
762.6506024096384         0.17682130433024107
758.0838323353291         0.1850399809438533
753.5714285714284         0.19314834934167302
749.1124260355028         0.20088169150717244
744.705882352941          0.20800992002697982
740.3508771929824         0.21436761471407323
736.0465116279069         0.2198716836648296
731.7919075144507         0.22451872222214886
727.5862068965516         0.22835909661007112
723.4285714285713         0.23145020795804114
719.3181818181816         0.23379508901840598
715.2542372881354         0.2352744777289608
711.2359550561796         0.2355835204805205
707.262569832402          0.23419209523853676
703.3333333333333         0.23036136829016343
699.4475138121546         0.22325987438467051
695.6043956043954         0.21220588493768056
691.8032786885245         0.1969917494305663
688.0434782608695         0.17813864474808946
684.3243243243243         0.15689138405654177
680.6451612903226         0.13489589348293018
677.0053475935828         0.11372731412817484
673.4042553191488         0.09452754556162463
669.8412698412698         0.07788771968430323
666.315789473684          0.06393228941568894
662.8272251308899         0.05248485116008185
659.3749999999999         0.04322286859611712
655.9585492227978         0.03578436334911985
652.5773195876288         0.029827077066018608
649.2307692307692         0.025054117970972692
645.9183673469387         0.021220186511530344
642.6395939086294         0.01812830510696019
639.3939393939393         0.015622882572272904
636.180904522613          0.013582105931557351
632.9999999999999         0.011910985386802042
629.8507462686566         0.01053550360966545
626.7326732673266         0.009397908123013216
623.6453201970443         0.008453018004959883
620.5882352941176         0.007665367997762767
617.560975609756          0.007007017636113689
614.5631067961165         0.0064558770727979045
611.5942028985506         0.005994429556883655
608.6538461538461         0.00560875666179643
605.7416267942583         0.00528779428428826
602.8571428571428         0.005022764941059764
599.9999999999999         0.004806745508376826
597.1698113207547         0.004634340014831894
594.3661971830985         0.004501435122930262
591.5887850467288         0.004405022141602592
588.8372093023255         0.0043430743145442255
586.1111111111111         0.004314472156429381
583.4101382488478         0.004318973129803063
580.7339449541283         0.004357225314789914
578.0821917808219         0.004430828283437301
575.4545454545454         0.004542448582461221
572.8506787330316         0.004696002630113938
570.2702702702702         0.004896927285825652
567.7130044843049         0.005152569151832901
565.1785714285713         0.005472739894736321
562.6666666666666         0.005870509975491832
560.1769911504424         0.006363353004707627
557.7092511013215         0.00697481772055621
555.2631578947368         0.007737012663035571
552.8384279475981         0.008694373873137642
550.4347826086956         0.009909512968376718
548.051948051948          0.011472539183331748
545.6896551724137         0.013516375581063724
543.3476394849785         0.016242804453784728
541.025641025641          0.019968526258494122
538.7234042553191         0.025210322133877514
536.4406779661016         0.03285066613461709
534.1772151898733         0.04447833804095132
531.9327731092436         0.06313114050972284
529.7071129707113         0.09499557497677412
527.4999999999999         0.15324695569141172
