791.2499999999999         0.02968034561647853
786.3354037267079         0.028457505900280247
781.4814814814814         0.02735617281796215
776.6871165644171         0.026374196916353225
771.951219512195          0.025509802044656058
767.2727272727273         0.02476171323994501
762.6506024096384         0.024129319221892515
758.0838323353291         0.02361287008214292
753.5714285714284         0.02321371499025416
749.1124260355028         0.02293458991616842
744.705882352941          0.022779971863983936
740.3508771929824         0.0227565246222565
736.0465116279069         0.022873672729070458
731.7919075144507         0.02314435710834074
727.5862068965516         0.0235860506985033
723.4285714285713         0.02422215035299922
719.3181818181816         0.025083920703340108
715.2542372881354         0.026213260903544533
711.2359550561796         0.02766672156808335
707.262569832402          0.029521462811341267
703.3333333333333         0.031884301343956874
699.4475138121546         0.03490581223892554
695.6043956043954         0.038802965509573614
691.8032786885245         0.043896693794728596
688.0434782608695         0.05067665035106119
684.3243243243243         0.05991778427024927
680.6451612903226         0.0729008647846077
677.0053475935828         0.09185378920529919
673.4042553191488         0.12089114812726845
669.8412698412698         0.16814134799582836
666.315789473684          0.25073255780438714
662.8272251308899         0.40514842100604215
659.3749999999999         0.6860791221191048
655.9585492227978         0.9784462615417634
652.5773195876288         0.8189294818132573
649.2307692307692         0.47473068738310115
645.9183673469387         0.26877951068364364
642.6395939086294         0.1640631133460309
639.3939393939393         0.10809874252612887
636.180904522613          0.0757865075372328
632.9999999999999         0.055797055443007094
629.8507462686566         0.04271155352546957
626.7326732673266         0.03374495231601015
623.6453201970443         0.027368273269346047
620.5882352941176         0.022693093883846018
617.560975609756          0.01917772538171475
614.5631067961165         0.016478109894521874
611.5942028985506         0.014367958524556516
608.6538461538461         0.012693912054922369
605.7416267942583         0.0113493097674138
602.8571428571428         0.010258282772210962
599.9999999999999         0.009365798833891041
597.1698113207547         0.008631255896994827
594.3661971830985         0.008024256242338483
591.5887850467288         0.007521757203229238
588.8372093023255         0.007106112210865859
586.1111111111111         0.006763700515305355
583.4101382488478         0.006483954065523178
580.7339449541283         0.00625865738979213
578.0821917808219         0.006081438446695096
575.4545454545454         0.0059473953116662166
572.8506787330316         0.005852821055404238
570.2702702702702         0.005795000738206412
567.7130044843049         0.0057720622050011295
565.1785714285713         0.005782867629898973
562.6666666666666         0.005826936347671981
560.1769911504424         0.005904391940581649
557.7092511013215         0.006015928146959155
555.2631578947368         0.006162789120214606
552.8384279475981         0.006346760003971094
550.4347826086956         0.006570163749976844
548.051948051948          0.006835859597147303
545.6896551724137         0.007147237633584329
543.3476394849785         0.007508202357121157
541.025641025641          0.007923136143826502
538.7234042553191         0.008396831126049244
536.4406779661016         0.00893437544447468
534.1772151898733         0.009540977741751385
531.9327731092436         0.010221713124203103
529.7071129707113         0.010981176231414315
527.4999999999999         0.011823034727086847
