791.2499999999999         0.08593626686595152
786.3354037267079         0.07799893666335847
781.4814814814814         0.07139957485953706
776.6871165644171         0.06579040805579925
771.951219512195          0.06089956449024114
767.2727272727273         0.05651854591309593
762.6506024096384         0.05249346617642696
758.0838323353291         0.04871872225704053
753.5714285714284         0.045131190512655905
749.1124260355028         0.041703350001983594
744.705882352941          0.03843468326179003
740.3508771929824         0.03534187419961642
736.0465116279069         0.032449166305637295
731.7919075144507         0.02978038979570556
727.5862068965516         0.02735364809746318
723.4285714285713         0.02517884468908422
719.3181818181816         0.02325755121101817
715.2542372881354         0.021584391454803824
711.2359550561796         0.020149129724694202
707.262569832402          0.018938862576490276
703.3333333333333         0.01793997103226203
699.4475138121546         0.017139705075411252
695.6043956043954         0.016527413897476594
691.8032786885245         0.016095512145429338
688.0434782608695         0.015840306596872144
684.3243243243243         0.015762821826031705
680.6451612903226         0.015869775571797543
677.0053475935828         0.016174878890572262
673.4042553191488         0.016700686362796754
669.8412698412698         0.017481315348989033
666.315789473684          0.018566519386192894
662.8272251308899         0.020027890950416963
659.3749999999999         0.0219684796975248
655.9585492227978         0.02453803051730163
652.5773195876288         0.027957742254995296
649.2307692307692         0.03256168424956376
645.9183673469387         0.03886839890892398
642.6395939086294         0.04770929457738216
639.3939393939393         0.06046806867163883
636.180904522613          0.07954499639229466
632.9999999999999         0.10928594617031798
629.8507462686566         0.15784108625228013
626.7326732673266         0.24046015674913868
623.6453201970443         0.3815786228707399
620.5882352941176         0.5910638447830436
617.560975609756          0.7608075499505677
614.5631067961165         0.711218220504038
611.5942028985506         0.5360871788264077
608.6538461538461         0.3878690702555466
605.7416267942583         0.29198111171637575
602.8571428571428         0.23319565327555264
599.9999999999999         0.19756959103182178
597.1698113207547         0.17680405750027792
594.3661971830985         0.1664447866473163
591.5887850467288         0.16434558081036565
588.8372093023255         0.16982214757263303
586.1111111111111         0.1831740151858928
583.4101382488478         0.20511931222719174
580.7339449541283         0.2352386257955406
578.0821917808219         0.2677913932309107
575.4545454545454         0.2857418959529671
572.8506787330316         0.2672719087828914
570.2702702702702         0.21438310175772332
567.7130044843049         0.15446811694524942
565.1785714285713         0.10679384282631989
562.6666666666666         0.07403305830125378
560.1769911504424         0.052505939330985844
557.7092511013215         0.03834858549889529
555.2631578947368         0.02886052022457372
552.8384279475981         0.022343421804864545
550.4347826086956         0.017753410435050167
548.051948051948          0.01444418317069092
545.6896551724137         0.01200802307733221
543.3476394849785         0.010181867878717084
541.025641025641          0.008792057065495618
538.7234042553191         0.007721434597824103
536.4406779661016         0.006889393816601403
534.1772151898733         0.006239519983492428
531.9327731092436         0.005731779296637958
529.7071129707113         0.005337487397792903
527.4999999999999         0.005036015871676239
