791.2499999999999         0.93636317935896
786.3354037267079         0.9673560430871619
781.4814814814814         0.9800754108593732
776.6871165644171         0.9774034429979657
771.951219512195          0.9640241371946127
767.2727272727273         0.9448371886942736
762.6506024096384         0.9238498671339872
758.0838323353291         0.9037092610146172
753.5714285714284         0.8856836573848308
749.1124260355028         0.8698479777003585
744.705882352941          0.8553263669865593
740.3508771929824         0.840556490270752
736.0465116279069         0.82360572710338
731.7919075144507         0.8025733964363939
727.5862068965516         0.7760563901756955
723.4285714285713         0.7435668451528759
719.3181818181816         0.7057383570471626
715.2542372881354         0.6642110802475838
711.2359550561796         0.6212354889570396
707.262569832402          0.5791717890688711
703.3333333333333         0.5400832439973788
699.4475138121546         0.5055313392915636
695.6043956043954         0.47656722731409573
691.8032786885245         0.45385021524119123
688.0434782608695         0.43781981264655084
684.3243243243243         0.42887465876694997
680.6451612903226         0.4275416361672185
677.0053475935828         0.4346387401553482
673.4042553191488         0.4514428452303293
669.8412698412698         0.4798643055683005
666.315789473684          0.5225844728791985
662.8272251308899         0.5829658314428007
659.3749999999999         0.6641365742131369
655.9585492227978         0.7657299427893646
652.5773195876288         0.8757481066481816
649.2307692307692         0.9586961329371367
645.9183673469387         0.9599041892859523
642.6395939086294         0.8536133531847292
639.3939393939393         0.6823290024555118
636.180904522613          0.5114019919550556
632.9999999999999         0.3747103891634936
629.8507462686566         0.27564830881693414
626.7326732673266         0.20627530968430874
623.6453201970443         0.15783505827625666
620.5882352941176         0.12363213446238823
617.560975609756          0.09907738228180356
614.5631067961165         0.08113038644055205
611.5942028985506         0.0677849078131978
608.6538461538461         0.05770530508610177
605.7416267942583         0.049989586236846115
602.8571428571428         0.044018738872642287
599.9999999999999         0.039361101321957026
597.1698113207547         0.03571116055969755
594.3661971830985         0.03284987509061634
591.5887850467288         0.030618571497751018
588.8372093023255         0.028901509046036583
586.1111111111111         0.02761405699149644
583.4101382488478         0.02669455326321194
580.7339449541283         0.026098598715463158
578.0821917808219         0.025794959574136012
575.4545454545454         0.025762502911483857
572.8506787330316         0.025987735179028533
570.2702702702702         0.026462587345265694
567.7130044843049         0.02718211547729352
565.1785714285713         0.0281417843649151
562.6666666666666         0.02933400517256189
560.1769911504424         0.030743660340399187
557.7092511013215         0.032342559491783565
555.2631578947368         0.03408324852745264
552.8384279475981         0.03589343242363264
550.4347826086956         0.03767338010946037
548.051948051948          0.03929954676813477
545.6896551724137         0.040637239334978675
543.3476394849785         0.041562394904918004
541.025641025641          0.04198765814585112
538.7234042553191         0.041883587750917606
536.4406779661016         0.04128590206621155
534.1772151898733         0.0402855454835696
531.9327731092436         0.03900642028020352
529.7071129707113         0.03758024085027444
527.4999999999999         0.036126774789344535
