791.2499999999999         0.034757913962095155
786.3354037267079         0.034236854970051384
781.4814814814814         0.03414285451268524
776.6871165644171         0.03447366802081083
771.951219512195          0.03524652351184697
767.2727272727273         0.03649972171115551
762.6506024096384         0.03829619047601952
758.0838323353291         0.04072946720407433
753.5714285714284         0.043932912339794614
749.1124260355028         0.048093375668709096
744.705882352941          0.05347102907631657
740.3508771929824         0.060427479621781105
736.0465116279069         0.06946395468787876
731.7919075144507         0.0812683351109623
727.5862068965516         0.09675852690928438
723.4285714285713         0.11707586137252059
719.3181818181816         0.1433957772043721
715.2542372881354         0.17625022943667054
711.2359550561796         0.21390270132687542
707.262569832402          0.24991548184799106
703.3333333333333         0.2727500509092207
699.4475138121546         0.2722443216486381
695.6043956043954         0.2490974421758533
691.8032786885245         0.21399326493765475
688.0434782608695         0.1778629168061948
684.3243243243243         0.14646466390260562
680.6451612903226         0.12125167015296462
677.0053475935828         0.10168233708489498
673.4042553191488         0.08666506186383835
669.8412698412698         0.07514792467287511
666.315789473684          0.06628233906219169
662.8272251308899         0.05942823613841106
659.3749999999999         0.05411554307927718
655.9585492227978         0.050002171121034125
652.5773195876288         0.046839576166846246
649.2307692307692         0.044447101911152524
645.9183673469387         0.042693603964321265
642.6395939086294         0.041484506898564005
639.3939393939393         0.04075275289654942
636.180904522613          0.04045250030916191
632.9999999999999         0.0405547674326156
629.8507462686566         0.04104446776939657
626.7326732673266         0.04191846154554071
623.6453201970443         0.04318437407309119
620.5882352941176         0.044860021961030436
617.560975609756          0.04697335662982425
614.5631067961165         0.049562891274450904
611.5942028985506         0.05267863011935358
608.6538461538461         0.05638357320607319
605.7416267942583         0.06075592913299116
602.8571428571428         0.06589223064359315
599.9999999999999         0.07191160321381619
597.1698113207547         0.07896145597159482
594.3661971830985         0.08722478113814179
591.5887850467288         0.09692891947003378
588.8372093023255         0.10835477285948733
586.1111111111111         0.12184339730665401
583.4101382488478         0.137792448411176
580.7339449541283         0.15662580473942492
578.0821917808219         0.17870247678919707
575.4545454545454         0.20410355919321058
572.8506787330316         0.23220982669980492
570.2702702702702         0.26101789148670657
567.7130044843049         0.28639869348724867
565.1785714285713         0.3021261068669111
562.6666666666666         0.3019541594196338
560.1769911504424         0.28354514843069967
557.7092511013215         0.2507883339177351
555.2631578947368         0.211487797013112
552.8384279475981         0.1728456581600494
550.4347826086956         0.13899781953461574
548.051948051948          0.11124751432106263
545.6896551724137         0.08928409954149397
543.3476394849785         0.07218007285666156
541.025641025641          0.05892399026954979
538.7234042553191         0.048631431604337895
536.4406779661016         0.0405957647810647
534.1772151898733         0.0342754401945531
531.9327731092436         0.0292630964156824
529.7071129707113         0.02525430557182528
527.4999999999999         0.022021518757064706
