791.2499999999999         0.011930443470903268
786.3354037267079         0.011707742396920623
781.4814814814814         0.011414604165402931
776.6871165644171         0.011070528105984287
771.951219512195          0.010697198700562443
767.2727272727273         0.010315859032460923
762.6506024096384         0.00994546044263028
758.0838323353291         0.009601737496100049
753.5714285714284         0.009297084489450809
749.1124260355028         0.009040984450745679
744.705882352941          0.008840740644012166
740.3508771929824         0.008702325845267407
736.0465116279069         0.008631246110880385
731.7919075144507         0.008633386617570417
727.5862068965516         0.008715860534902834
723.4285714285713         0.008887922369299677
719.3181818181816         0.009162044434304458
715.2542372881354         0.00955530127893843
711.2359550561796         0.010091277946085138
707.262569832402          0.010802838006814301
703.3333333333333         0.011736298571561068
699.4475138121546         0.012957941923743813
695.6043956043954         0.014564507551899843
691.8032786885245         0.016700691392599585
688.0434782608695         0.01958947358017236
684.3243243243243         0.0235870218778154
680.6451612903226         0.029287183669567448
677.0053475935828         0.03773208927568952
673.4042553191488         0.050864937541694744
669.8412698412698         0.07257217199238684
666.315789473684          0.11121683537312732
662.8272251308899         0.18555482142779764
659.3749999999999         0.33051971764774335
655.9585492227978         0.523275593409163
652.5773195876288         0.49643190600729187
649.2307692307692         0.306403218848717
645.9183673469387         0.18019089189063378
642.6395939086294         0.11454458396156791
639.3939393939393         0.07913867269033537
636.180904522613          0.058556952090176896
632.9999999999999         0.04576355019616634
629.8507462686566         0.03738298199755181
626.7326732673266         0.03167770470711328
623.6453201970443         0.02769351679986424
620.5882352941176         0.024877582848131477
617.560975609756          0.02289626835718804
614.5631067961165         0.02154298364449581
611.5942028985506         0.020689267174837506
608.6538461538461         0.020257987274484246
605.7416267942583         0.020208639563736985
602.8571428571428         0.020529845435792293
599.9999999999999         0.021236722954494386
597.1698113207547         0.022372259837100474
594.3661971830985         0.024012864543462287
591.5887850467288         0.02627933160762479
588.8372093023255         0.029355938197109327
586.1111111111111         0.033522897488911775
583.4101382488478         0.03921207796154309
580.7339449541283         0.047105138867338914
578.0821917808219         0.05831216813737041
575.4545454545454         0.07470859450836359
572.8506787330316         0.09959038385120376
570.2702702702702         0.13895807884485523
567.7130044843049         0.20384845866270876
565.1785714285713         0.3128444096614319
562.6666666666666         0.4830162750418354
560.1769911504424         0.6652157686332861
557.7092511013215         0.6902839344462016
555.2631578947368         0.5433421326011478
552.8384279475981         0.3850357391034822
550.4347826086956         0.2757430567264192
548.051948051948          0.20701328084745807
545.6896551724137         0.16365631967940822
543.3476394849785         0.135669275168654
541.025641025641          0.11729492985488375
538.7234042553191         0.10526353555652457
536.4406779661016         0.09770210201075731
534.1772151898733         0.09354739308728575
531.9327731092436         0.092241259684147
529.7071129707113         0.09358085264278937
527.4999999999999         0.09766170479757688
