791.2499999999999         0.13308452131673307
786.3354037267079         0.12969256082619326
781.4814814814814         0.12759591634029283
776.6871165644171         0.1266742713856816
771.951219512195          0.12684944338046045
767.2727272727273         0.12808054996197152
762.6506024096384         0.13036135678695382
758.0838323353291         0.13371971319568002
753.5714285714284         0.13821907015604867
749.1124260355028         0.1439622045377427
744.705882352941          0.15109743177529086
740.3508771929824         0.1598277735448108
736.0465116279069         0.1704237557426757
731.7919075144507         0.18324072698954527
727.5862068965516         0.19874174810523296
723.4285714285713         0.21752704467446954
719.3181818181816         0.24037034217058809
715.2542372881354         0.2682602167293688
711.2359550561796         0.3024389505485537
707.262569832402          0.3444183270308479
703.3333333333333         0.39592409554126795
699.4475138121546         0.4586679760298934
695.6043956043954         0.533762872868272
691.8032786885245         0.6205219418350437
688.0434782608695         0.7144980566389093
684.3243243243243         0.805352791451789
680.6451612903226         0.8767464554483505
677.0053475935828         0.9113041746548921
673.4042553191488         0.899952101741214
669.8412698412698         0.8479260322803228
666.315789473684          0.7709845236073449
662.8272251308899         0.6861529812014788
659.3749999999999         0.6054481951027575
655.9585492227978         0.5349189374333189
652.5773195876288         0.4764113308213111
649.2307692307692         0.42956985434757533
645.9183673469387         0.3931852266937386
642.6395939086294         0.36590892873930114
639.3939393939393         0.34657158087763484
636.180904522613          0.33429889193692364
632.9999999999999         0.32853827626494847
629.8507462686566         0.3290506803538962
626.7326732673266         0.3358854772959896
623.6453201970443         0.34932831196415665
620.5882352941176         0.3697774916649181
617.560975609756          0.3974481684853384
614.5631067961165         0.4317194331908461
611.5942028985506         0.4698907737348533
608.6538461538461         0.5054003320328502
605.7416267942583         0.52681335650763
602.8571428571428         0.520869041086674
599.9999999999999         0.48120990414629555
597.1698113207547         0.4153382696772714
594.3661971830985         0.3398548472521936
591.5887850467288         0.26926021331241073
588.8372093023255         0.2105317608729463
586.1111111111111         0.16465431047284051
583.4101382488478         0.1298535220461727
580.7339449541283         0.10370888893799729
578.0821917808219         0.08404090706027319
575.4545454545454         0.06913935403671881
572.8506787330316         0.057737215092016486
570.2702702702702         0.04891754730496139
567.7130044843049         0.042021192502022076
565.1785714285713         0.03657337831689836
562.6666666666666         0.0322299235454763
560.1769911504424         0.028739145400116347
557.7092511013215         0.025915238841975434
555.2631578947368         0.023619718604880127
552.8384279475981         0.021748439909660827
550.4347826086956         0.020222464205921376
548.051948051948          0.01898158195963685
545.6896551724137         0.017979683420201953
543.3476394849785         0.017181426191137543
541.025641025641          0.016559822743175034
538.7234042553191         0.01609448889676178
536.4406779661016         0.015770374452814772
534.1772151898733         0.015576852136195573
531.9327731092436         0.01550707921757144
529.7071129707113         0.015557573184547471
527.4999999999999         0.015727962394986337
