791.2499999999999         0.17656742858551536
786.3354037267079         0.17819585381604558
781.4814814814814         0.17954467845691607
776.6871165644171         0.18056655083619694
771.951219512195          0.1812257693962551
767.2727272727273         0.18150078444192666
762.6506024096384         0.18138588522359356
758.0838323353291         0.18089185435121566
753.5714285714284         0.18004550557428714
749.1124260355028         0.17888817353565192
744.705882352941          0.17747336310674458
740.3508771929824         0.17586386326863163
736.0465116279069         0.17412867029481374
731.7919075144507         0.17234004680191925
727.5862068965516         0.17057098007553362
723.4285714285713         0.1688932154490583
719.3181818181816         0.16737594952601928
715.2542372881354         0.16608519014059134
711.2359550561796         0.16508373448587915
707.262569832402          0.16443168626510052
703.3333333333333         0.16418742449353435
699.4475138121546         0.1644089455564511
695.6043956043954         0.16515552060741753
691.8032786885245         0.16648963747801157
688.0434782608695         0.1684792264751667
684.3243243243243         0.1712002007663829
680.6451612903226         0.17473937368032713
677.0053475935828         0.17919784710114078
673.4042553191488         0.18469499721219124
669.8412698412698         0.1913732154010029
666.315789473684          0.19940359032537391
662.8272251308899         0.20899273471494528
659.3749999999999         0.22039095162400937
655.9585492227978         0.23390186754393727
652.5773195876288         0.24989347203123882
649.2307692307692         0.26881007897194814
645.9183673469387         0.2911838513607371
642.6395939086294         0.3176428372616696
639.3939393939393         0.3489093304927988
636.180904522613          0.38577686212601936
632.9999999999999         0.4290451129497356
629.8507462686566         0.4793789468758945
626.7326732673266         0.537043155336563
623.6453201970443         0.6014602341010451
620.5882352941176         0.6705761093496104
617.560975609756          0.740153863547477
614.5631067961165         0.8033874060974878
611.5942028985506         0.851514740872576
608.6538461538461         0.8759712463355853
605.7416267942583         0.8715917947946654
602.8571428571428         0.8389976010841287
599.9999999999999         0.7843439060339112
597.1698113207547         0.7166150128663095
594.3661971830985         0.6444600477772626
591.5887850467288         0.5742839741629002
588.8372093023255         0.5098667738284012
586.1111111111111         0.45287641751382146
583.4101382488478         0.40361101900525986
580.7339449541283         0.36162282458758815
578.0821917808219         0.32613633326739266
575.4545454545454         0.296290651257597
572.8506787330316         0.2712632046343864
570.2702702702702         0.250323182894186
567.7130044843049         0.23284719978693064
565.1785714285713         0.21831654602888886
562.6666666666666         0.20630671347689936
560.1769911504424         0.1964746924695469
557.7092511013215         0.18854666095344036
555.2631578947368         0.18230716037935074
552.8384279475981         0.17759008931169926
550.4347826086956         0.17427148772334322
548.051948051948          0.17226393423239938
545.6896551724137         0.17151232596228635
543.3476394849785         0.17199079624420566
541.025641025641          0.1737005140194904
538.7234042553191         0.17666807623612493
536.4406779661016         0.18094412819347613
534.1772151898733         0.1866016995467661
531.9327731092436         0.19373348935815063
529.7071129707113         0.20244692527505323
527.4999999999999         0.21285520788034618
