791.2499999999999         0.12209148776406495
786.3354037267079         0.11705442199495723
781.4814814814814         0.11148701891972443
776.6871165644171         0.1055341616496691
771.951219512195          0.0993539347258664
767.2727272727273         0.09310195751190925
762.6506024096384         0.08691868881426935
758.0838323353291         0.08092111616026315
753.5714285714284         0.07519899771260266
749.1124260355028         0.0698149101691898
744.705882352941          0.06480692113817343
740.3508771929824         0.06019268355193438
736.0465116279069         0.0559739778430526
731.7919075144507         0.05214104308363495
727.5862068965516         0.04867633263206777
723.4285714285713         0.04555755311544148
719.3181818181816         0.04275998955822393
715.2542372881354         0.04025819731084975
711.2359550561796         0.03802717281767946
707.262569832402          0.03604311832190674
703.3333333333333         0.03428390392815211
699.4475138121546         0.032729312905515985
695.6043956043954         0.0313611378387271
691.8032786885245         0.030163178777235185
688.0434782608695         0.029121180871047397
684.3243243243243         0.02822273823365082
680.6451612903226         0.027457182638797158
677.0053475935828         0.026815469693442503
673.4042553191488         0.026290070875501014
669.8412698412698         0.02587487687613569
666.315789473684          0.025565115708821428
662.8272251308899         0.02535728778078258
659.3749999999999         0.02524911937060527
655.9585492227978         0.025239535574995905
652.5773195876288         0.025328653674311308
649.2307692307692         0.025517797948630197
645.9183673469387         0.025809537202662682
642.6395939086294         0.026207746593941993
639.3939393939393         0.026717695778074393
636.180904522613          0.027346165864757088
632.9999999999999         0.028101598194483324
629.8507462686566         0.028994278464209742
626.7326732673266         0.03003656019950015
623.6453201970443         0.03124313190812757
620.5882352941176         0.032631332325342245
617.560975609756          0.034221517768122905
614.5631067961165         0.0360374844377884
611.5942028985506         0.03810694606614403
608.6538461538461         0.040462062873116884
605.7416267942583         0.04314001034863373
602.8571428571428         0.046183564401562766
599.9999999999999         0.049641660886814244
597.1698113207547         0.05356985973608872
594.3661971830985         0.05803060357822519
591.5887850467288         0.06309310427532228
588.8372093023255         0.0688326153555092
586.1111111111111         0.07532875385207607
583.4101382488478         0.0826624283791013
580.7339449541283         0.09091083179075402
578.0821917808219         0.10013991012816471
575.4545454545454         0.11039380230637223
572.8506787330316         0.1216810735167224
570.2702702702702         0.13395827897435214
567.7130044843049         0.1471125954233885
565.1785714285713         0.16094688466977947
562.6666666666666         0.1751722073449844
560.1769911504424         0.18941363248312676
557.7092511013215         0.20323403998117012
555.2631578947368         0.216176678084591
552.8384279475981         0.22782101069230504
550.4347826086956         0.23784021895613663
548.051948051948          0.24604599462159368
545.6896551724137         0.2524092034293498
543.3476394849785         0.25705270853686046
541.025641025641          0.26022136857251393
538.7234042553191         0.26223987901462253
536.4406779661016         0.2634698977264789
534.1772151898733         0.2642748056149992
531.9327731092436         0.2649959402605566
529.7071129707113         0.2659403046133231
527.4999999999999         0.267377523038682
