791.2499999999999         0.09255973325232099
786.3354037267079         0.0755469766747693
781.4814814814814         0.0624562045392429
776.6871165644171         0.052272300733006684
771.951219512195          0.04426421130923651
767.2727272727273         0.03790215351735409
762.6506024096384         0.03279896989246229
758.0838323353291         0.028669052413652422
753.5714285714284         0.025299631179655963
749.1124260355028         0.022530642440931677
744.705882352941          0.020240526334123234
740.3508771929824         0.01833613042461131
736.0465116279069         0.016745470821614705
731.7919075144507         0.015412496293166392
727.5862068965516         0.014293268029465784
723.4285714285713         0.01335314895800185
719.3181818181816         0.012564719852377922
715.2542372881354         0.011906223880320603
711.2359550561796         0.011360399418638171
707.262569832402          0.010913601413094883
703.3333333333333         0.010555139958797893
699.4475138121546         0.010276784938595712
695.6043956043954         0.010072400067599938
691.8032786885245         0.009937680317660279
688.0434782608695         0.009869974659003581
684.3243243243243         0.009868182217644423
680.6451612903226         0.009932714923606862
677.0053475935828         0.010065523970849519
673.4042553191488         0.01027019126359177
669.8412698412698         0.010552090734440347
666.315789473684          0.010918628142516587
662.8272251308899         0.011379571717206122
659.3749999999999         0.011947489590996209
655.9585492227978         0.012638312696047123
652.5773195876288         0.013472042138328555
649.2307692307692         0.014473614782095013
645.9183673469387         0.01567392348372914
642.6395939086294         0.01711094692309716
639.3939393939393         0.018830855900569012
636.180904522613          0.020888789013062667
632.9999999999999         0.023348666661630837
629.8507462686566         0.0262808469258303
626.7326732673266         0.029755527693038672
623.6453201970443         0.033828591579358074
620.5882352941176         0.038515552323969124
617.560975609756          0.043750015936836285
614.5631067961165         0.04932915128276752
611.5942028985506         0.054864484878655584
608.6538461538461         0.059780019166688236
605.7416267942583         0.0634093092956468
602.8571428571428         0.0651990854155496
599.9999999999999         0.06492824735304197
597.1698113207547         0.06279474994602652
594.3661971830985         0.05930822278547211
591.5887850467288         0.05507749099329938
588.8372093023255         0.050631499408675985
586.1111111111111         0.04633956625999111
583.4101382488478         0.042413673996341515
580.7339449541283         0.03894785262175586
578.0821917808219         0.03596176301686555
575.4545454545454         0.033434614628587926
572.8506787330316         0.03132735926138543
570.2702702702702         0.02959561516631241
567.7130044843049         0.02819644530712152
565.1785714285713         0.02709145642371443
562.6666666666666         0.026247849827500027
560.1769911504424         0.02563840020864894
557.7092511013215         0.025240904561549083
555.2631578947368         0.025037377868278584
552.8384279475981         0.025013116786813824
550.4347826086956         0.025155664025192263
548.051948051948          0.02545365779991024
545.6896551724137         0.02589552946607269
543.3476394849785         0.02646801475396783
541.025641025641          0.027154474389378014
538.7234042553191         0.027933087594290872
536.4406779661016         0.028775096344813813
534.1772151898733         0.029643438023871076
531.9327731092436         0.030492280342004772
529.7071129707113         0.03126808997551293
527.4999999999999         0.03191280133540657
