791.2499999999999         0.03472328354745974
786.3354037267079         0.03788030735483919
781.4814814814814         0.04206262729496708
776.6871165644171         0.04760328349430423
771.951219512195          0.05499876488350563
767.2727272727273         0.0650037343410274
762.6506024096384         0.078792258301241
758.0838323353291         0.09823599919435941
753.5714285714284         0.1263812313281277
749.1124260355028         0.16821547727752464
744.705882352941          0.23159044170358195
740.3508771929824         0.32672495175514543
736.0465116279069         0.45714210407837125
731.7919075144507         0.588505295424246
727.5862068965516         0.6315904651166705
723.4285714285713         0.5509805828843987
719.3181818181816         0.42400219902974645
715.2542372881354         0.3155409756395064
711.2359550561796         0.23836628028215806
707.262569832402          0.1858702261937217
703.3333333333333         0.15004398275183453
699.4475138121546         0.1251596178297955
695.6043956043954         0.10754914586173749
691.8032786885245         0.0949102475906147
688.0434782608695         0.08578631907756191
684.3243243243243         0.07924200639143406
680.6451612903226         0.07466944516947586
677.0053475935828         0.07167308624966598
673.4042553191488         0.07000086004026172
669.8412698412698         0.06950304716805891
666.315789473684          0.07010830183663701
662.8272251308899         0.07181092336939246
659.3749999999999         0.07466618591594877
655.9585492227978         0.07879219704742754
652.5773195876288         0.08437785150905781
649.2307692307692         0.0916972270562384
645.9183673469387         0.10113130909765418
642.6395939086294         0.11319809348766818
639.3939393939393         0.1285913831545363
636.180904522613          0.14822564179274925
632.9999999999999         0.1732761166336713
629.8507462686566         0.2051840642620533
626.7326732673266         0.24555620794282434
623.6453201970443         0.295816047576189
620.5882352941176         0.35638205295959713
617.560975609756          0.4251887137981581
614.5631067961165         0.495886239124082
611.5942028985506         0.557328617556759
608.6538461538461         0.5967798815853694
605.7416267942583         0.6065360838728342
602.8571428571428         0.5884456715074294
599.9999999999999         0.5517223331483699
597.1698113207547         0.5069946632309669
594.3661971830985         0.4621660089223179
591.5887850467288         0.42159150562006625
588.8372093023255         0.3869950124320635
586.1111111111111         0.3586134726030381
583.4101382488478         0.3360051612203871
580.7339449541283         0.318500905954709
578.0821917808219         0.30541923603452475
575.4545454545454         0.2961524657720825
572.8506787330316         0.2901898419603348
570.2702702702702         0.2871129137319262
567.7130044843049         0.2865802214166373
565.1785714285713         0.2883090422474759
562.6666666666666         0.292057445062285
560.1769911504424         0.2976079323163946
557.7092511013215         0.3047532101649655
555.2631578947368         0.3132844684583819
552.8384279475981         0.3229826267783291
550.4347826086956         0.3336131110521001
548.051948051948          0.34492473853285877
545.6896551724137         0.35665312421159745
543.3476394849785         0.3685286484380301
541.025641025641          0.3802884794653973
538.7234042553191         0.3916915308925678
536.4406779661016         0.4025347045847948
534.1772151898733         0.41266847563379205
531.9327731092436         0.4220099106631087
529.7071129707113         0.43055157097787267
527.4999999999999         0.4383653352297403
