791.2499999999999         0.16912787311411714
786.3354037267079         0.16826917780017017
781.4814814814814         0.1689649719978275
776.6871165644171         0.1714741953298724
771.951219512195          0.1761192474679518
767.2727272727273         0.1833216742899835
762.6506024096384         0.19365007072463494
758.0838323353291         0.20788618147377594
753.5714285714284         0.22711720700422733
749.1124260355028         0.25286298352541886
744.705882352941          0.2872408455745732
740.3508771929824         0.3331425502452969
736.0465116279069         0.39430137436755097
731.7919075144507         0.4748528699137399
727.5862068965516         0.5773559317570233
723.4285714285713         0.697374678992156
719.3181818181816         0.8140330443837066
715.2542372881354         0.8860822142263252
711.2359550561796         0.8751927166536908
707.262569832402          0.7852547536922633
703.3333333333333         0.6586822627220565
699.4475138121546         0.5354054213618886
695.6043956043954         0.4333985748272882
691.8032786885245         0.35500029433795666
688.0434782608695         0.29656844826275336
684.3243243243243         0.25351169134698864
680.6451612903226         0.22195943772729765
677.0053475935828         0.1990381565754095
673.4042553191488         0.18273264657191426
669.8412698412698         0.17168502996356552
666.315789473684          0.1650312874202367
662.8272251308899         0.16229244603988105
659.3749999999999         0.16331679612783076
655.9585492227978         0.16826903553021877
652.5773195876288         0.1776684597827007
649.2307692307692         0.19248800078682182
645.9183673469387         0.21433924924741654
642.6395939086294         0.2457849552963977
639.3939393939393         0.29082822731770164
636.180904522613          0.35556389490879936
632.9999999999999         0.44857875057177404
629.8507462686566         0.5790541879694676
626.7326732673266         0.7458953108626996
623.6453201970443         0.9085286326034833
620.5882352941176         0.9703952851744019
617.560975609756          0.8730646372101645
614.5631067961165         0.6891105122198427
611.5942028985506         0.5145312849554267
608.6538461538461         0.3834281647508358
605.7416267942583         0.2923508559002566
602.8571428571428         0.22998764468460445
599.9999999999999         0.18690130434111427
597.1698113207547         0.1566853835176257
594.3661971830985         0.1352233696918814
591.5887850467288         0.11989359328259597
588.8372093023255         0.10901794315508062
586.1111111111111         0.10151784353991618
583.4101382488478         0.09670608186440344
580.7339449541283         0.09416196734151173
578.0821917808219         0.09365693634322249
575.4545454545454         0.09511042068010071
572.8506787330316         0.09856226527680106
570.2702702702702         0.10414905238062361
567.7130044843049         0.112066566041066
565.1785714285713         0.1224868325758555
562.6666666666666         0.13537462898884164
560.1769911504424         0.15013025230902574
557.7092511013215         0.16504557905423772
555.2631578947368         0.1768640049533177
552.8384279475981         0.1812955114365855
550.4347826086956         0.1752248170918856
548.051948051948          0.15924286367893112
545.6896551724137         0.1374898343434998
543.3476394849785         0.11479683800160928
541.025641025641          0.09434842568960085
538.7234042553191         0.07737171530608959
536.4406779661016         0.06387097933422402
534.1772151898733         0.05334643625400086
531.9327731092436         0.0451978106281145
529.7071129707113         0.038888367677929706
527.4999999999999         0.033988012264903424
