791.2499999999999         0.1349166711038165
786.3354037267079         0.11004995913780999
781.4814814814814         0.08998273300556782
776.6871165644171         0.07408419866874932
771.951219512195          0.061597441432067856
767.2727272727273         0.05181579616088157
762.6506024096384         0.04414622945858345
758.0838323353291         0.03811718496200022
753.5714285714284         0.033364338210890486
749.1124260355028         0.029610562904692293
744.705882352941          0.026646907398917234
740.3508771929824         0.024316814023539433
736.0465116279069         0.02250387270320043
731.7919075144507         0.021122708280418113
727.5862068965516         0.020112453209417368
723.4285714285713         0.0194323260089369
719.3181818181816         0.01905898339879466
715.2542372881354         0.018985495343452858
711.2359550561796         0.019222010767880687
707.262569832402          0.01979847683223808
703.3333333333333         0.020770232542984893
699.4475138121546         0.022228093242869805
695.6043956043954         0.024316045427651017
691.8032786885245         0.027262704925546076
688.0434782608695         0.03143920903621896
684.3243243243243         0.03747117368393016
680.6451612903226         0.04646934529189287
677.0053475935828         0.0605432813064901
673.4042553191488         0.08405869077452134
669.8412698412698         0.12707461152573338
666.315789473684          0.21580261800817932
662.8272251308899         0.42281300805349825
659.3749999999999         0.8280958766263654
655.9585492227978         0.7886867984749352
652.5773195876288         0.38323561609858464
649.2307692307692         0.19055389189767208
645.9183673469387         0.10928632650872713
642.6395939086294         0.07025164689365826
639.3939393939393         0.049086972729120076
636.180904522613          0.03650727185182781
632.9999999999999         0.028500476740774338
629.8507462686566         0.02313577397592544
626.7326732673266         0.019400188996192416
623.6453201970443         0.016724451587558437
620.5882352941176         0.014770578585958368
617.560975609756          0.013328950655508345
614.5631067961165         0.012265106007237006
611.5942028985506         0.011490725304770435
608.6538461538461         0.010947106718518718
605.7416267942583         0.010595436087800354
602.8571428571428         0.010410937721716926
599.9999999999999         0.010379352805441352
597.1698113207547         0.010494893904889861
594.3661971830985         0.010759203936823286
591.5887850467288         0.01118106470661382
588.8372093023255         0.011776730981832309
586.1111111111111         0.012570849007781142
583.4101382488478         0.013597969650128038
580.7339449541283         0.01490468625134038
578.0821917808219         0.01655239782684883
575.4545454545454         0.018620572976616515
572.8506787330316         0.021210074463721595
570.2702702702702         0.02444542952590923
567.7130044843049         0.028473638419644818
565.1785714285713         0.03345493472103551
562.6666666666666         0.03953795561203973
560.1769911504424         0.04680964254288456
557.7092511013215         0.055213932725920026
555.2631578947368         0.06445220157642552
552.8384279475981         0.0739177192861444
550.4347826086956         0.08275239488320775
548.051948051948          0.0900802581228213
545.6896551724137         0.09533325831120285
543.3476394849785         0.09846152875750437
541.025641025641          0.0998911787343321
538.7234042553191         0.10030054411064365
536.4406779661016         0.10038966826388886
534.1772151898733         0.10075012186719783
531.9327731092436         0.10183634090291876
529.7071129707113         0.10399332817662729
527.4999999999999         0.10750078685376649
