791.2499999999999         0.3159568281170337
786.3354037267079         0.39967073283393245
781.4814814814814         0.4967662890316573
776.6871165644171         0.5992045221228894
771.951219512195          0.6936960033158291
767.2727272727273         0.7662805056018407
762.6506024096384         0.809020321297566
758.0838323353291         0.8231050135093921
753.5714285714284         0.816139302228979
749.1124260355028         0.7972101662160849
744.705882352941          0.7736357618921301
740.3508771929824         0.7501051821319356
736.0465116279069         0.7291234945328479
731.7919075144507         0.7117643127054842
727.5862068965516         0.6982943130107191
723.4285714285713         0.68858593433783
719.3181818181816         0.6823581709184493
715.2542372881354         0.6793023715731147
711.2359550561796         0.6791364811889911
707.262569832402          0.6816159571258684
703.3333333333333         0.6865193883400096
699.4475138121546         0.6936213159327254
695.6043956043954         0.7026623044736257
691.8032786885245         0.7133255898233941
688.0434782608695         0.7252294700556076
684.3243243243243         0.7379436284176231
680.6451612903226         0.7510340643195433
677.0053475935828         0.7641338316048921
673.4042553191488         0.7770255029762979
669.8412698412698         0.7897089403193868
666.315789473684          0.8024189160001289
662.8272251308899         0.8155538384432416
659.3749999999999         0.8294762270780077
655.9585492227978         0.8441409552687206
652.5773195876288         0.8585013121567597
649.2307692307692         0.8696768084543557
645.9183673469387         0.8720618996422644
642.6395939086294         0.8570929973476769
639.3939393939393         0.8151412979810688
636.180904522613          0.7406116448902662
632.9999999999999         0.6378081485112128
629.8507462686566         0.5212744958538111
626.7326732673266         0.4084183373028668
623.6453201970443         0.31128599805564194
620.5882352941176         0.23412027044541384
617.560975609756          0.17572388723569315
614.5631067961165         0.13264196273648818
611.5942028985506         0.1011722069478923
608.6538461538461         0.07818878635832008
605.7416267942583         0.061308839934661914
602.8571428571428         0.04880179360973018
599.9999999999999         0.03943807720851544
597.1698113207547         0.03235068222506333
594.3661971830985         0.02692795246743455
591.5887850467288         0.022736194157401156
588.8372093023255         0.019465578724487696
586.1111111111111         0.016892840047818533
583.4101382488478         0.01485564864321302
580.7339449541283         0.01323497766090178
578.0821917808219         0.011942913157127514
575.4545454545454         0.010914180741998744
572.8506787330316         0.010100226213651683
570.2702702702702         0.009465070733748955
567.7130044843049         0.00898241930983555
565.1785714285713         0.008633676759024602
562.6666666666666         0.008406647139155843
560.1769911504424         0.008294781183621315
557.7092511013215         0.00829690634840196
555.2631578947368         0.008417437606191935
552.8384279475981         0.008667135534194322
550.4347826086956         0.009064564804510232
548.051948051948          0.009638528456768346
545.6896551724137         0.010431935004915781
543.3476394849785         0.011507823390901768
541.025641025641          0.012958630807440086
538.7234042553191         0.01492011950151742
536.4406779661016         0.017591040459709953
534.1772151898733         0.02125609991731113
531.9327731092436         0.026294596223761606
529.7071129707113         0.03310598355317954
527.4999999999999         0.04175563801647845
