791.2499999999999         0.029684528073790684
786.3354037267079         0.032679783369695944
781.4814814814814         0.036320405754533464
776.6871165644171         0.0407517059817508
771.951219512195          0.046160432457512196
767.2727272727273         0.05278769439983165
762.6506024096384         0.06094647883724284
758.0838323353291         0.07104546116168485
753.5714285714284         0.08362132214844414
749.1124260355028         0.09938215823809066
744.705882352941          0.11926416610097075
740.3508771929824         0.14450082183046073
736.0465116279069         0.17669372135143813
731.7919075144507         0.217846361998849
727.5862068965516         0.27025390041356473
723.4285714285713         0.33599778734006847
719.3181818181816         0.41556763216854
715.2542372881354         0.5050565677534713
711.2359550561796         0.5924011681603752
707.262569832402          0.6565583219787096
703.3333333333333         0.6761432113295259
699.4475138121546         0.6450103362482618
695.6043956043954         0.577344712069583
691.8032786885245         0.49547159131428686
688.0434782608695         0.4163616189536611
684.3243243243243         0.3480578242163443
680.6451612903226         0.29239451201260075
677.0053475935828         0.24831449602698805
673.4042553191488         0.21387823896199057
669.8412698412698         0.18715740167531475
666.315789473684          0.1665344498367089
662.8272251308899         0.15075038928190707
659.3749999999999         0.1388662029655214
655.9585492227978         0.13020639534220874
652.5773195876288         0.12430927567561144
649.2307692307692         0.12089121932390047
645.9183673469387         0.11982625906518914
642.6395939086294         0.12114117086821846
639.3939393939393         0.12502683091180197
636.180904522613          0.13186760336756911
632.9999999999999         0.14229022837761082
629.8507462686566         0.1572278181290676
626.7326732673266         0.17797024866194103
623.6453201970443         0.2060933538494062
620.5882352941176         0.24294227166677798
617.560975609756          0.2878972279620963
614.5631067961165         0.33443119220853207
611.5942028985506         0.36584477800966114
608.6538461538461         0.36126034137376345
605.7416267942583         0.3171067316164071
602.8571428571428         0.2538051507039616
599.9999999999999         0.1935799229867724
597.1698113207547         0.1459004003678783
594.3661971830985         0.11098678056623017
591.5887850467288         0.08605643354470646
588.8372093023255         0.0682578895452458
586.1111111111111         0.055416233108967226
583.4101382488478         0.04601900286122441
580.7339449541283         0.03904455727991134
578.0821917808219         0.03380537416272612
575.4545454545454         0.02983569314724454
572.8506787330316         0.026816874127380385
570.2702702702702         0.02452906881577651
567.7130044843049         0.022820139981339447
565.1785714285713         0.021585716850636014
562.6666666666666         0.020756515537508097
560.1769911504424         0.020290560218404755
557.7092511013215         0.020168934917847162
555.2631578947368         0.02039438526394457
552.8384279475981         0.020992636642075936
550.4347826086956         0.022016836150177337
548.051948051948          0.02355620175957964
545.6896551724137         0.025750948814483525
543.3476394849785         0.028817074902698397
541.025641025641          0.033086718638324165
538.7234042553191         0.03907167816772836
536.4406779661016         0.047553485619419016
534.1772151898733         0.059666761769036375
531.9327731092436         0.07677337334438898
529.7071129707113         0.0993590384314337
527.4999999999999         0.12334224586452126
