791.2499999999999         0.0990045002600542
786.3354037267079         0.11006619537554461
781.4814814814814         0.12371668044576323
776.6871165644171         0.14067288932923408
771.951219512195          0.16188550079662598
767.2727272727273         0.188608385181716
762.6506024096384         0.22246782870848875
758.0838323353291         0.26549286297708163
753.5714285714284         0.32000610518017114
749.1124260355028         0.3881519777573401
744.705882352941          0.47066258985181864
740.3508771929824         0.5644299044084223
736.0465116279069         0.6592664615435069
731.7919075144507         0.7367645052812637
727.5862068965516         0.7763058727648557
723.4285714285713         0.7676876404678772
719.3181818181816         0.7183222441758438
715.2542372881354         0.6465287059834814
711.2359550561796         0.5697251739022048
707.262569832402          0.49858361819558183
703.3333333333333         0.43752323472341126
699.4475138121546         0.3872448913823326
695.6043956043954         0.34679794353391136
691.8032786885245         0.31473686068635387
688.0434782608695         0.28964171725726934
684.3243243243243         0.2703049350721021
680.6451612903226         0.25576951680837057
677.0053475935828         0.24531110724150448
673.4042553191488         0.23840471662694035
669.8412698412698         0.23469225382330605
666.315789473684          0.23395613791794084
662.8272251308899         0.23609974228333824
659.3749999999999         0.24113356675291597
655.9585492227978         0.24916504536452674
652.5773195876288         0.26038884152146935
649.2307692307692         0.2750727204738957
645.9183673469387         0.29353103682952897
642.6395939086294         0.31607303491472116
639.3939393939393         0.34290664583377944
636.180904522613          0.37397258338266043
632.9999999999999         0.4086861762957937
629.8507462686566         0.44559355003032264
626.7326732673266         0.482031187200869
623.6453201970443         0.5140204319857096
620.5882352941176         0.5367432109502956
617.560975609756          0.5457989638931767
614.5631067961165         0.5388678498394232
611.5942028985506         0.5167858830164651
608.6538461538461         0.48321347684564137
605.7416267942583         0.4431337193982192
602.8571428571428         0.4012217670365501
599.9999999999999         0.36090093666097584
597.1698113207547         0.3241796512841402
594.3661971830985         0.2919364703068507
591.5887850467288         0.26431735976517307
588.8372093023255         0.24106963200303777
586.1111111111111         0.22176752033706595
583.4101382488478         0.20594459248771887
580.7339449541283         0.19316268703148595
578.0821917808219         0.18304296220181634
575.4545454545454         0.17527654834510406
572.8506787330316         0.16962545066392445
570.2702702702702         0.16591974630720868
567.7130044843049         0.1640543660154369
565.1785714285713         0.16398723635040133
562.6666666666666         0.165739800575885
560.1769911504424         0.16940061461539138
557.7092511013215         0.17513262645979702
555.2631578947368         0.18318474595173276
552.8384279475981         0.19390823670118035
550.4347826086956         0.20777804025686988
548.051948051948          0.22541781202776962
545.6896551724137         0.24762401550340254
543.3476394849785         0.2753764395312161
541.025641025641          0.30980534391631953
538.7234042553191         0.3520517706580619
536.4406779661016         0.4029010226840878
534.1772151898733         0.4620050819034342
531.9327731092436         0.5265380054303666
529.7071129707113         0.5895336503183471
527.4999999999999         0.6392677305557818
