791.2499999999999         0.5132839888894833
786.3354037267079         0.5518828508240698
781.4814814814814         0.5883660508051884
776.6871165644171         0.6214282038826566
771.951219512195          0.6499273753256111
767.2727272727273         0.6730214991114623
762.6506024096384         0.6902548167679581
758.0838323353291         0.7015749430394741
753.5714285714284         0.7072827416505033
749.1124260355028         0.7079356554504685
744.705882352941          0.7042331979763107
740.3508771929824         0.6969102857736796
736.0465116279069         0.6866544852398242
731.7919075144507         0.6740527426150682
727.5862068965516         0.6595654866634353
723.4285714285713         0.6435221753686164
719.3181818181816         0.626131637844671
715.2542372881354         0.6075015860951111
711.2359550561796         0.5876632646755066
707.262569832402          0.566598635478137
703.3333333333333         0.5442684230986289
699.4475138121546         0.5206397056426036
695.6043956043954         0.49571162266296753
691.8032786885245         0.4695373903217225
688.0434782608695         0.44224044379351785
684.3243243243243         0.41402247843129636
680.6451612903226         0.38516168963305397
677.0053475935828         0.3560007027683072
673.4042553191488         0.3269253641127268
669.8412698412698         0.2983372999302473
666.315789473684          0.27062439490524093
662.8272251308899         0.244133658933698
659.3749999999999         0.2191502269952331
655.9585492227978         0.195884727282908
652.5773195876288         0.17446946008806455
649.2307692307692         0.15496227362443074
645.9183673469387         0.13735604310102498
642.6395939086294         0.12159134025530735
639.3939393939393         0.10757009763947416
636.180904522613          0.0951686011766869
632.9999999999999         0.08424876626946094
629.8507462686566         0.07466721198500917
626.7326732673266         0.06628206766973745
623.6453201970443         0.05895771224986427
620.5882352941176         0.05256778075863405
617.560975609756          0.046996811825346665
614.5631067961165         0.04214089012719152
611.5942028985506         0.03790758796278975
608.6538461538461         0.03421544995428553
605.7416267942583         0.030993206270265538
602.8571428571428         0.028178848648331856
599.9999999999999         0.025718662012307394
597.1698113207547         0.02356627254589893
594.3661971830985         0.02168174954314508
591.5887850467288         0.0200307816624404
588.8372093023255         0.01858393682650951
586.1111111111111         0.017316007581620812
583.4101382488478         0.016205439152330737
580.7339449541283         0.015233834847910226
578.0821917808219         0.014385532255860473
575.4545454545454         0.01364724333728095
572.8506787330316         0.013007751798314532
570.2702702702702         0.012457661736520109
567.7130044843049         0.011989192415753622
565.1785714285713         0.011596015031211894
562.6666666666666         0.011273128458191159
560.1769911504424         0.011016772241400838
557.7092511013215         0.010824376520788371
555.2631578947368         0.01069455028786444
552.8384279475981         0.010627111455812601
550.4347826086956         0.010623164907310282
548.051948051948          0.010685238255086695
545.6896551724137         0.010817489962102706
543.3476394849785         0.011026011403876912
541.025641025641          0.011319254466480091
538.7234042553191         0.011708630996099348
536.4406779661016         0.012209352428034973
534.1772151898733         0.012841611326324465
531.9327731092436         0.01363225793450655
529.7071129707113         0.014617204735633596
527.4999999999999         0.015844917294230088
