791.2499999999999         0.1557208349462375
786.3354037267079         0.21803619235317281
781.4814814814814         0.31246886446388417
776.6871165644171         0.44664865567877554
771.951219512195          0.6003380002685318
767.2727272727273         0.6964237587501615
762.6506024096384         0.6668386080444514
758.0838323353291         0.5537563226365168
753.5714285714284         0.4336305450258343
749.1124260355028         0.3380887306727378
744.705882352941          0.2682978337795577
740.3508771929824         0.2177793477302909
736.0465116279069         0.1804419351385805
731.7919075144507         0.15193895401607557
727.5862068965516         0.1293964690293171
723.4285714285713         0.11096694944330775
719.3181818181816         0.09548629360905644
715.2542372881354         0.0822378849111084
711.2359550561796         0.07078907506570048
707.262569832402          0.06087552276371183
703.3333333333333         0.05232132968725658
699.4475138121546         0.04498873729011467
695.6043956043954         0.03875154366834769
691.8032786885245         0.03348520788462759
688.0434782608695         0.029066514904753798
684.3243243243243         0.025377140197648626
680.6451612903226         0.022307612695376275
677.0053475935828         0.019760090087459378
673.4042553191488         0.017649605411679307
669.8412698412698         0.01590404625917395
666.315789473684          0.014463304066834468
662.8272251308899         0.013277994490884786
659.3749999999999         0.012308041697805633
655.9585492227978         0.011521310542313522
652.5773195876288         0.010892386909049295
649.2307692307692         0.01040155132851709
645.9183673469387         0.010033959206507218
642.6395939086294         0.009779025956620604
639.3939393939393         0.009630011502863248
636.180904522613          0.009583802399532656
632.9999999999999         0.009640899386303815
629.8507462686566         0.009805633370484674
626.7326732673266         0.010086655028368668
623.6453201970443         0.010497775795948593
620.5882352941176         0.011059287112570364
617.560975609756          0.011799961034588292
614.5631067961165         0.012760057148802845
611.5942028985506         0.013995860254439375
608.6538461538461         0.015586607613350924
605.7416267942583         0.017645236192661062
602.8571428571428         0.020335374300032218
599.9999999999999         0.02389874863645246
597.1698113207547         0.028700237047641797
594.3661971830985         0.03530296662467618
591.5887850467288         0.044593522468626336
588.8372093023255         0.0579833970484583
586.1111111111111         0.07768930619854636
583.4101382488478         0.10691183821360288
580.7339449541283         0.14893310922968145
578.0821917808219         0.2020798379658201
575.4545454545454         0.24861303517015187
572.8506787330316         0.2579231734449728
570.2702702702702         0.22560596360379537
567.7130044843049         0.17888671228227682
565.1785714285713         0.1381553400435635
562.6666666666666         0.10803380874061441
560.1769911504424         0.08680363970611384
557.7092511013215         0.07190858502288622
555.2631578947368         0.061360096383473006
552.8384279475981         0.053810642724644024
550.4347826086956         0.04837930840284389
548.051948051948          0.044492493443404724
545.6896551724137         0.04177514042197778
543.3476394849785         0.03998203545157401
541.025641025641          0.038955436890610304
538.7234042553191         0.038599217049566724
536.4406779661016         0.03886340155007892
534.1772151898733         0.039735489464290175
531.9327731092436         0.041236501074338384
529.7071129707113         0.043420682232389464
527.4999999999999         0.046378447127785195
