791.2499999999999         0.1351397869485461
786.3354037267079         0.10827078127671298
781.4814814814814         0.08833531026227959
776.6871165644171         0.07329274622852473
771.951219512195          0.061759197511544274
767.2727272727273         0.052785217662631764
762.6506024096384         0.04570977659431152
758.0838323353291         0.040065395952464146
753.5714285714284         0.03551632349399496
749.1124260355028         0.03181783756208888
744.705882352941          0.028789109904151237
740.3508771929824         0.026294851747226587
736.0465116279069         0.024232721788608483
731.7919075144507         0.0225245672870028
727.5862068965516         0.02111025253456792
723.4285714285713         0.019943259905395007
719.3181818181816         0.018987523708621168
715.2542372881354         0.018215134969867836
711.2359550561796         0.01760467201747153
707.262569832402          0.017139989615790593
703.3333333333333         0.016809352299294415
699.4475138121546         0.016604834379645318
695.6043956043954         0.016521935582252557
691.8032786885245         0.01655938128201597
688.0434782608695         0.016719092584305022
684.3243243243243         0.017006326147358336
680.6451612903226         0.01742999853104735
677.0053475935828         0.018003226926719445
673.4042553191488         0.01874413974770936
669.8412698412698         0.019677040003138357
666.315789473684          0.02083404648288743
662.8272251308899         0.0222574000726004
659.3749999999999         0.024002717044998314
655.9585492227978         0.026143617672813813
652.5773195876288         0.028778389902572435
649.2307692307692         0.03203971993492309
645.9183673469387         0.036109130297869205
642.6395939086294         0.041238777769578
639.3939393939393         0.04778496738045182
636.180904522613          0.056260629430685334
632.9999999999999         0.06741888688835125
629.8507462686566         0.08238781449252243
626.7326732673266         0.10288818589490017
623.6453201970443         0.13157718764109644
620.5882352941176         0.1725434852995235
617.560975609756          0.23180722124512246
614.5631067961165         0.3169050798457284
611.5942028985506         0.43221633914981306
608.6538461538461         0.5634961687305042
605.7416267942583         0.6586243765913133
602.8571428571428         0.6584132489801758
599.9999999999999         0.5729820551775902
597.1698113207547         0.46235938365768503
594.3661971830985         0.36581110871548517
591.5887850467288         0.29256871633863146
588.8372093023255         0.2395016993468869
586.1111111111111         0.2013907046754723
583.4101382488478         0.17392277282530166
580.7339449541283         0.15404223689698082
578.0821917808219         0.13968693228496873
575.4545454545454         0.12948852516872755
572.8506787330316         0.12255079599174978
570.2702702702702         0.11830419995135487
567.7130044843049         0.11641640225414447
565.1785714285713         0.1167419708748863
562.6666666666666         0.11930097140587204
560.1769911504424         0.12428210080088732
557.7092511013215         0.13207132266201654
555.2631578947368         0.14331277749485885
552.8384279475981         0.15901643600028137
550.4347826086956         0.18073799828309772
548.051948051948          0.21087073017468153
545.6896551724137         0.25309587186067933
543.3476394849785         0.31298069269849
541.025641025641          0.39834738655439356
538.7234042553191         0.5175127264377678
536.4406779661016         0.6690896027012886
534.1772151898733         0.8143278183162986
531.9327731092436         0.8621806375566853
529.7071129707113         0.7617242776281317
527.4999999999999         0.5867171538166465
