791.2499999999999         0.4408535200938858
786.3354037267079         0.4278239531384296
781.4814814814814         0.41468758984817644
776.6871165644171         0.40161042683616865
771.951219512195          0.38885481046896414
767.2727272727273         0.37671658075165565
762.6506024096384         0.3654525293503763
758.0838323353291         0.3552062355758769
753.5714285714284         0.3459341520423898
749.1124260355028         0.33733001320707406
744.705882352941          0.32875010939284655
740.3508771929824         0.319161169485503
736.0465116279069         0.3071696225207307
731.7919075144507         0.29123013064508746
727.5862068965516         0.2701127968932081
723.4285714285713         0.24354474402879236
719.3181818181816         0.21266447820409062
715.2542372881354         0.1798481215013929
711.2359550561796         0.14788007922403482
707.262569832402          0.11900538467779274
703.3333333333333         0.0944369818932796
699.4475138121546         0.07441819360085364
695.6043956043954         0.05856831757199591
691.8032786885245         0.04623178932779644
688.0434782608695         0.0367105259226765
684.3243243243243         0.029379228679701976
680.6451612903226         0.023724061667257247
677.0053475935828         0.01934223238012064
673.4042553191488         0.01592609812082946
669.8412698412698         0.013243835897153925
666.315789473684          0.011121754990278053
662.8272251308899         0.009429827098075974
659.3749999999999         0.008070485991045723
655.9585492227978         0.006970208749829553
652.5773195876288         0.00607328449340874
649.2307692307692         0.005337235375959231
645.9183673469387         0.004729459031085647
642.6395939086294         0.004224764100450417
639.3939393939393         0.0038035557095224305
636.180904522613          0.0034504936154650134
632.9999999999999         0.0031534947535001704
629.8507462686566         0.002902987624820213
626.7326732673266         0.0026913517243704003
623.6453201970443         0.002512493689143266
620.5882352941176         0.0023615250966693003
617.560975609756          0.0022345163549305994
614.5631067961165         0.002128307975787142
611.5942028985506         0.0020403654816667145
608.6538461538461         0.001968667804513038
605.7416267942583         0.001911621683225567
602.8571428571428         0.0018679965258922738
599.9999999999999         0.0018368756725639108
597.1698113207547         0.0018176211149707852
594.3661971830985         0.0018098496053585177
591.5887850467288         0.00181341879541266
588.8372093023255         0.00182842264875356
586.1111111111111         0.0018551959167185789
583.4101382488478         0.0018943280019156409
580.7339449541283         0.001946687101616014
578.0821917808219         0.0020134561721382423
575.4545454545454         0.002096183044657404
572.8506787330316         0.002196848028187223
570.2702702702702         0.002317953659787956
567.7130044843049         0.0024626430496823416
565.1785714285713         0.002634855726955723
562.6666666666666         0.0028395333220033172
560.1769911504424         0.003082892271995729
557.7092511013215         0.00337278767563691
555.2631578947368         0.0037192024705491574
552.8384279475981         0.004134910823081158
550.4347826086956         0.004636386435643415
548.051948051948          0.005245059215465369
545.6896551724137         0.005989073507767265
543.3476394849785         0.006905777714741356
541.025641025641          0.008045294666797063
538.7234042553191         0.009475711103329133
536.4406779661016         0.011290727196336484
534.1772151898733         0.013621096987249231
531.9327731092436         0.016651990754274548
529.7071129707113         0.020649721342162513
527.4999999999999         0.02600340914043947
