791.2499999999999         0.05243701305068668
786.3354037267079         0.05229138046528934
781.4814814814814         0.05321299789716887
776.6871165644171         0.055246015575302516
771.951219512195          0.05851305868832251
767.2727272727273         0.0632256077918756
762.6506024096384         0.06970267316572795
758.0838323353291         0.07839609693009915
753.5714285714284         0.08991587639449597
749.1124260355028         0.10503487618787431
744.705882352941          0.12461895332748045
740.3508771929824         0.1493636320947092
736.0465116279069         0.17913992727675215
731.7919075144507         0.21182264656584882
727.5862068965516         0.24213501336928306
723.4285714285713         0.26238257828529854
719.3181818181816         0.26662386393031884
715.2542372881354         0.2551658513817006
711.2359550561796         0.23392068667559468
707.262569832402          0.2097595379856907
703.3333333333333         0.18729402953283925
699.4475138121546         0.16860054335131064
695.6043956043954         0.1541866159703837
691.8032786885245         0.14387986346955053
688.0434782608695         0.13734013068728051
684.3243243243243         0.13429985350328372
680.6451612903226         0.134670225319186
677.0053475935828         0.13860025747672614
673.4042553191488         0.14653563540883846
669.8412698412698         0.15930308086570955
666.315789473684          0.17823198559305162
662.8272251308899         0.2052955630494702
659.3749999999999         0.24315158859673705
655.9585492227978         0.2946382813658492
652.5773195876288         0.3604739293995788
649.2307692307692         0.43302691088035217
645.9183673469387         0.4878838238805392
642.6395939086294         0.4911411298680457
639.3939393939393         0.43518490599580856
636.180904522613          0.35074908985828346
632.9999999999999         0.27047558547290723
629.8507462686566         0.2073235865147438
626.7326732673266         0.16122049787140355
623.6453201970443         0.12827792108054015
620.5882352941176         0.10469143557411444
617.560975609756          0.08761673350198818
614.5631067961165         0.07509467624028526
611.5942028985506         0.06580726003353989
608.6538461538461         0.05886857967318133
605.7416267942583         0.0536785458352719
602.8571428571428         0.049826809463154834
599.9999999999999         0.04703084994529127
597.1698113207547         0.0450961481676366
594.3661971830985         0.04389045967459324
591.5887850467288         0.04332713766377445
588.8372093023255         0.04335435230510556
586.1111111111111         0.04394823422219057
583.4101382488478         0.04510869471123838
580.7339449541283         0.04685711275543242
578.0821917808219         0.049235330007945714
575.4545454545454         0.05230551379917602
572.8506787330316         0.05615045664305305
570.2702702702702         0.06087377615178852
567.7130044843049         0.06659923970244105
565.1785714285713         0.07346802820650045
562.6666666666666         0.08163213952023861
560.1769911504424         0.09124132268006631
557.7092511013215         0.10242006766830783
555.2631578947368         0.11523068685506946
552.8384279475981         0.1296193895535332
550.4347826086956         0.14534617610888823
548.051948051948          0.1619084709965813
545.6896551724137         0.1784834337417818
543.3476394849785         0.19393035794202212
541.025641025641          0.20689875565527482
538.7234042553191         0.21606012755511161
536.4406779661016         0.22041641035388543
534.1772151898733         0.21956900781661057
531.9327731092436         0.21382188291681684
529.7071129707113         0.2040697740247431
527.4999999999999         0.1915357888719456
