791.2499999999999         0.027330017398672378
786.3354037267079         0.025761676657022885
781.4814814814814         0.024425503382005123
776.6871165644171         0.02329305434834405
771.951219512195          0.02234108695211456
767.2727272727273         0.02155074048582413
762.6506024096384         0.020906885299687598
758.0838323353291         0.020397612719751202
753.5714285714284         0.020013843960135662
749.1124260355028         0.019749041256249406
744.705882352941          0.019599008995755902
740.3508771929824         0.01956177680306534
736.0465116279069         0.019637560483067827
731.7919075144507         0.019828800637157775
727.5862068965516         0.020140282856433333
723.4285714285713         0.020579347946457105
719.3181818181816         0.02115620598361001
715.2542372881354         0.021884374577336184
711.2359550561796         0.022781270083952098
707.262569832402          0.023868991448867033
703.3333333333333         0.02517535088246926
699.4475138121546         0.02673522511991596
695.6043956043954         0.028592327519992432
691.8032786885245         0.030801537362711736
688.0434782608695         0.03343197193743141
684.3243243243243         0.03657105393406342
680.6451612903226         0.04032991679219438
677.0053475935828         0.04485060986581673
673.4042553191488         0.050315717479926386
669.8412698412698         0.0569611875144185
666.315789473684          0.06509335105592955
662.8272251308899         0.0751112278244137
659.3749999999999         0.08753505731311031
655.9585492227978         0.10304112501191849
652.5773195876288         0.12250041177883196
649.2307692307692         0.14701250242699715
645.9183673469387         0.17791326783224473
642.6395939086294         0.2167106411657197
639.3939393939393         0.2648654150860385
636.180904522613          0.3232976203342801
632.9999999999999         0.3915245578179046
629.8507462686566         0.46655581404643387
626.7326732673266         0.5421814636324638
623.6453201970443         0.609762282882902
620.5882352941176         0.6610747937324583
617.560975609756          0.6918166030368055
614.5631067961165         0.7031386571061339
611.5942028985506         0.7002206545882015
608.6538461538461         0.689505108019148
605.7416267942583         0.676596083189889
602.8571428571428         0.6654535416523626
599.9999999999999         0.6584572051543579
597.1698113207547         0.656760533724739
594.3661971830985         0.6605945479188817
591.5887850467288         0.6694009146987996
588.8372093023255         0.6817909222305379
586.1111111111111         0.6953956134057959
583.4101382488478         0.7067517381495378
580.7339449541283         0.7114678109748904
578.0821917808219         0.7049459649291973
575.4545454545454         0.683714595462466
572.8506787330316         0.6468895709151135
570.2702702702702         0.5968367583854045
567.7130044843049         0.5384322301616674
565.1785714285713         0.4773354412656858
562.6666666666666         0.4183490148141241
560.1769911504424         0.3646084360644027
557.7092511013215         0.31759993993232205
555.2631578947368         0.27760304013686393
552.8384279475981         0.2441914670197897
550.4347826086956         0.2166184395720922
548.051948051948          0.1940569433195955
545.6896551724137         0.17572670715026045
543.3476394849785         0.1609493311205122
541.025641025641          0.14916385750435168
538.7234042553191         0.13992339909599072
536.4406779661016         0.13288455175902908
534.1772151898733         0.12779573910986022
531.9327731092436         0.12448752196293367
529.7071129707113         0.12286634885886923
527.4999999999999         0.12291258424584793
