791.2499999999999         0.4562698985657693
786.3354037267079         0.4390617061174902
781.4814814814814         0.42265605378219046
776.6871165644171         0.4071556369457307
771.951219512195          0.3926478562066764
767.2727272727273         0.37920672268942124
762.6506024096384         0.3668950607816868
758.0838323353291         0.35576701498767666
753.5714285714284         0.34587085189820416
749.1124260355028         0.3372520460025806
744.705882352941          0.329956649102567
740.3508771929824         0.32403496590468767
736.0465116279069         0.3195455909453597
731.7919075144507         0.316559902348625
727.5862068965516         0.31516715416315527
723.4285714285713         0.31548035873889735
719.3181818181816         0.3176431990668301
715.2542372881354         0.32183824742677525
711.2359550561796         0.32829676665545154
707.262569832402          0.337310280541723
703.3333333333333         0.3492438077548628
699.4475138121546         0.36454992783972817
695.6043956043954         0.3837812234145586
691.8032786885245         0.4075952137080223
688.0434782608695         0.4367389759766503
684.3243243243243         0.47198737872510316
680.6451612903226         0.5139852784417829
677.0053475935828         0.5629079939393633
673.4042553191488         0.6178178090628611
669.8412698412698         0.6756181345431306
666.315789473684          0.7297590368611236
662.8272251308899         0.7695657524065738
659.3749999999999         0.7820259083174009
655.9585492227978         0.7573593341038815
652.5773195876288         0.6956993946674579
649.2307692307692         0.6084237093852549
645.9183673469387         0.5119341795918184
642.6395939086294         0.4198677010363479
639.3939393939393         0.3396876220787036
636.180904522613          0.2735664607345914
632.9999999999999         0.22066110874768344
629.8507462686566         0.1789398531159181
626.7326732673266         0.14619319072952386
623.6453201970443         0.12045944566258468
620.5882352941176         0.10014201914740627
617.560975609756          0.08399483030245646
614.5631067961165         0.07106461705977402
611.5942028985506         0.060628009131793247
608.6538461538461         0.052136803366630916
605.7416267942583         0.04517443987198016
602.8571428571428         0.0394228117020704
599.9999999999999         0.034637463982354955
597.1698113207547         0.03062922550998042
594.3661971830985         0.02725063632183773
591.5887850467288         0.02438590367387869
588.8372093023255         0.021943440356130977
586.1111111111111         0.01985029210272057
583.4101382488478         0.018047950375918616
580.7339449541283         0.01648918546077877
578.0821917808219         0.015135635048634773
575.4545454545454         0.01395595560081558
572.8506787330316         0.012924395625495381
570.2702702702702         0.012019687341733998
567.7130044843049         0.011224180199592646
565.1785714285713         0.010523159332362779
562.6666666666666         0.009904306335575364
560.1769911504424         0.009357270284624826
557.7092511013215         0.008873324675137618
555.2631578947368         0.008445091749275178
552.8384279475981         0.008066319995513252
550.4347826086956         0.007731703865361513
548.051948051948          0.007436737217755178
545.6896551724137         0.007177593883476203
543.3476394849785         0.006951030186508809
541.025641025641          0.006754305376051124
538.7234042553191         0.006585116792943657
536.4406779661016         0.006441547278083084
534.1772151898733         0.006322022873370314
531.9327731092436         0.006225279302647566
529.7071129707113         0.00615033607758734
527.4999999999999         0.0060964773726116
