791.2499999999999         0.9721792558331926
786.3354037267079         0.9547011225877953
781.4814814814814         0.9308810567344196
776.6871165644171         0.9009418050440141
771.951219512195          0.8659477313765008
767.2727272727273         0.8276230429056189
762.6506024096384         0.7880347777331161
758.0838323353291         0.7492575523222138
753.5714285714284         0.7131201415212516
749.1124260355028         0.6810780294227401
744.705882352941          0.6542012877167277
740.3508771929824         0.6332378866081552
736.0465116279069         0.6187089820266424
731.7919075144507         0.6110023458695019
727.5862068965516         0.6104405086916199
723.4285714285713         0.6173039892040859
719.3181818181816         0.6317839239771836
715.2542372881354         0.6538216949665481
711.2359550561796         0.6827698336421022
707.262569832402          0.7167995598909028
703.3333333333333         0.7520511238478216
699.4475138121546         0.7818057353797343
695.6043956043954         0.796542257041723
691.8032786885245         0.786201483708782
688.0434782608695         0.7449323216918176
684.3243243243243         0.6754371760077996
680.6451612903226         0.5884976578807564
677.0053475935828         0.49750023282419475
673.4042553191488         0.41283622378316176
669.8412698412698         0.3398591482126079
666.315789473684          0.2798367338493898
662.8272251308899         0.23176034394883957
659.3749999999999         0.1937531005733083
655.9585492227978         0.163847052386341
652.5773195876288         0.14031060454391023
649.2307692307692         0.12173635830992754
645.9183673469387         0.10702513823973842
642.6395939086294         0.09533574473982637
639.3939393939393         0.08603079006729158
636.180904522613          0.07862961568916081
632.9999999999999         0.07277084235259065
629.8507462686566         0.06818389754674248
626.7326732673266         0.0646679431464836
623.6453201970443         0.06207660288915678
620.5882352941176         0.06030716304540966
617.560975609756          0.05929325035683658
614.5631067961165         0.059000296975115066
611.5942028985506         0.05942336552277378
608.6538461538461         0.06058713565404357
605.7416267942583         0.06254806097238015
602.8571428571428         0.06539890524553835
599.9999999999999         0.0692760648177356
597.1698113207547         0.07437026372843619
594.3661971830985         0.08094130046695958
591.5887850467288         0.08933733681132103
588.8372093023255         0.10001827011492304
586.1111111111111         0.11357991701979281
583.4101382488478         0.13076869917434292
580.7339449541283         0.15246076203079217
578.0821917808219         0.17954833897578687
575.4545454545454         0.2126271031670727
572.8506787330316         0.25134048017707517
570.2702702702702         0.2933394964964796
567.7130044843049         0.3333198918222156
565.1785714285713         0.3634832018636151
562.6666666666666         0.37668672774332723
560.1769911504424         0.37073445024551216
557.7092511013215         0.34961279303631954
555.2631578947368         0.3204388511324149
552.8384279475981         0.2896165827174895
550.4347826086956         0.2611297180968475
548.051948051948          0.2367579144553325
545.6896551724137         0.2169123718925053
543.3476394849785         0.2013403201299499
541.025641025641          0.1895413389898099
538.7234042553191         0.1809640770807593
536.4406779661016         0.17507437028097156
534.1772151898733         0.17135544115943327
531.9327731092436         0.1692733718489504
529.7071129707113         0.16822735636627859
527.4999999999999         0.16750370117478952
