791.2499999999999         0.07931385044862356
786.3354037267079         0.07592948513528036
781.4814814814814         0.07337307052325856
776.6871165644171         0.07158234976678343
771.951219512195          0.07051890968175958
767.2727272727273         0.07016814692579212
762.6506024096384         0.07054035431632184
758.0838323353291         0.07167334963736914
753.5714285714284         0.07363720064626178
749.1124260355028         0.07654186677969668
744.705882352941          0.08054903228459774
740.3508771929824         0.0858901502594701
736.0465116279069         0.09289393320924268
731.7919075144507         0.10202851238989576
727.5862068965516         0.11396670207104735
723.4285714285713         0.12968780378120356
719.3181818181816         0.15063626960219678
715.2542372881354         0.17896328628745278
711.2359550561796         0.21786502922429987
707.262569832402          0.27193063971279613
703.3333333333333         0.34697411916829657
699.4475138121546         0.44736524395617105
695.6043956043954         0.5659039999547069
691.8032786885245         0.6643755503990106
688.0434782608695         0.6781688614446748
684.3243243243243         0.5893510912282397
680.6451612903226         0.456756503194348
677.0053475935828         0.3372419447603675
673.4042553191488         0.24799112273334073
669.8412698412698         0.18540773169844926
666.315789473684          0.1419314802573415
662.8272251308899         0.11135648478601029
659.3749999999999         0.0894239456816545
655.9585492227978         0.07335042478288116
652.5773195876288         0.06132633702516075
649.2307692307692         0.052161618005658265
645.9183673469387         0.045059504019359826
642.6395939086294         0.03947589568235878
639.3939393939393         0.03503186907227767
636.180904522613          0.03145859688838365
632.9999999999999         0.028562095468662018
629.8507462686566         0.026200250221618513
626.7326732673266         0.02426757067534977
623.6453201970443         0.022684899831919823
620.5882352941176         0.021392358322161006
617.560975609756          0.020344440498426465
614.5631067961165         0.01950656962860636
611.5942028985506         0.01885266253824816
608.6538461538461         0.01836340860904554
605.7416267942583         0.01802506843896818
602.8571428571428         0.017828664470462205
599.9999999999999         0.017769482324108427
597.1698113207547         0.017846835648187294
594.3661971830985         0.018064074599939278
591.5887850467288         0.01842884284620046
588.8372093023255         0.01895361399658285
586.1111111111111         0.01965656981166665
583.4101382488478         0.020562924809947983
580.7339449541283         0.02170686312556306
578.0821917808219         0.023134346590563532
575.4545454545454         0.02490719969665368
572.8506787330316         0.02710911476955131
570.2702702702702         0.029854615804401408
567.7130044843049         0.033302692796390365
565.1785714285713         0.03767799494953421
562.6666666666666         0.043304578151536446
560.1769911504424         0.050661063658725976
557.7092511013215         0.060473272813751186
555.2631578947368         0.07387393335361914
552.8384279475981         0.09268376120358765
550.4347826086956         0.11990774753622271
548.051948051948          0.16056943210957228
545.6896551724137         0.22280563318084473
543.3476394849785         0.3175265385261406
541.025641025641          0.44779784082318763
538.7234042553191         0.5698709149933031
536.4406779661016         0.5805681137063409
534.1772151898733         0.4678538646228237
531.9327731092436         0.3339858701976482
529.7071129707113         0.23361798374613338
527.4999999999999         0.16727512628776794
