791.2499999999999         0.881746885491218
786.3354037267079         0.9621700441524192
781.4814814814814         0.9595839999623802
776.6871165644171         0.8629853796215048
771.951219512195          0.7126073598618485
767.2727272727273         0.559618264774019
762.6506024096384         0.4314854356388245
758.0838323353291         0.33340449680579676
753.5714285714284         0.26093984563116596
749.1124260355028         0.20781141273407466
744.705882352941          0.16863979115400948
740.3508771929824         0.13942658401313995
736.0465116279069         0.11734708344364568
731.7919075144507         0.10043594980568785
727.5862068965516         0.0873249093017425
723.4285714285713         0.07705385275623836
719.3181818181816         0.06894176798028955
715.2542372881354         0.06250010464265926
711.2359550561796         0.05737476223416844
707.262569832402          0.0533070732659518
703.3333333333333         0.050107389219940186
699.4475138121546         0.047637105029596345
695.6043956043954         0.04579642927445057
691.8032786885245         0.04451616919292151
688.0434782608695         0.04375243567738377
684.3243243243243         0.04348360933078779
680.6451612903226         0.043709230393386714
677.0053475935828         0.044450746089169164
673.4042553191488         0.045754323745218956
669.8412698412698         0.04769627854651827
666.315789473684          0.050392158787205245
662.8272251308899         0.05401132554674826
659.3749999999999         0.05880022532248887
655.9585492227978         0.06511999769261712
652.5773195876288         0.07350861229018112
649.2307692307692         0.08478649879453322
645.9183673469387         0.10024202614940637
642.6395939086294         0.12196832729749106
639.3939393939393         0.15349315841921854
636.180904522613          0.2009689736405181
632.9999999999999         0.2752980020230864
629.8507462686566         0.3947516700572712
626.7326732673266         0.5800612265818221
623.6453201970443         0.8023961342318584
620.5882352941176         0.8793862020234178
617.560975609756          0.7001275360036877
614.5631067961165         0.46604713635949
611.5942028985506         0.3021702026246951
608.6538461538461         0.20269557687121376
605.7416267942583         0.14231870455711856
602.8571428571428         0.10425891468228693
599.9999999999999         0.07919437303388842
597.1698113207547         0.06200287211247456
594.3661971830985         0.0497834210052629
591.5887850467288         0.04082645380102247
588.8372093023255         0.0340838792478029
586.1111111111111         0.02888930643241399
583.4101382488478         0.024804991422179307
580.7339449541283         0.021534960807552853
578.0821917808219         0.018873936463721132
575.4545454545454         0.01667632119543281
572.8506787330316         0.014836803899510498
570.2702702702702         0.013277903086926515
567.7130044843049         0.011941769618598616
565.1785714285713         0.01078466980949465
562.6666666666666         0.009773193213260726
560.1769911504424         0.008881592461209474
557.7092511013215         0.008089879797534503
555.2631578947368         0.007382438305451689
552.8384279475981         0.006746989598323382
550.4347826086956         0.006173813444694278
548.051948051948          0.005655149704269603
545.6896551724137         0.005184735782525352
543.3476394849785         0.004757447681006746
541.025641025641          0.004369022269053176
538.7234042553191         0.004015844413987705
536.4406779661016         0.0036947863365652846
534.1772151898733         0.0034030889027704208
531.9327731092436         0.0031382761441349416
529.7071129707113         0.0028980955173336658
527.4999999999999         0.0026804774953804256
