791.2499999999999         0.5220076744669138
786.3354037267079         0.4512896714982848
781.4814814814814         0.3863862024066016
776.6871165644171         0.32960001575574266
771.951219512195          0.28136640215180225
767.2727272727273         0.24109629996976442
762.6506024096384         0.20777199399934548
758.0838323353291         0.18028913759622273
753.5714285714284         0.1576215940990652
749.1124260355028         0.13888362217617523
744.705882352941          0.12334004635069343
740.3508771929824         0.11039359251423687
736.0465116279069         0.0995644775457584
731.7919075144507         0.09046931686880812
727.5862068965516         0.0828022319107074
723.4285714285713         0.07631901676145271
719.3181818181816         0.07082432778218535
715.2542372881354         0.06616151962916608
711.2359550561796         0.06220466798818017
707.262569832402          0.05885234479077433
703.3333333333333         0.05602277519335902
699.4475138121546         0.05365007554811432
695.6043956043954         0.051681335277039483
691.8032786885245         0.050074359033967196
688.0434782608695         0.04879592866166261
684.3243243243243         0.047820478524217516
680.6451612903226         0.047129104499502056
677.0053475935828         0.04670884786164092
673.4042553191488         0.04655221185165406
669.8412698412698         0.04665688204224151
666.315789473684          0.0470256325177316
662.8272251308899         0.04766640904430166
659.3749999999999         0.04859258819524066
655.9585492227978         0.04982341794453172
652.5773195876288         0.05138465029481685
649.2307692307692         0.05330937922635735
645.9183673469387         0.05563909584377155
642.6395939086294         0.058424963636707426
639.3939393939393         0.06172929410139208
636.180904522613          0.06562715586474067
632.9999999999999         0.0702079607531378
629.8507462686566         0.07557670819402208
626.7326732673266         0.08185428833981052
623.6453201970443         0.08917577668934672
620.5882352941176         0.0976849137478318
617.560975609756          0.10752188063373676
614.5631067961165         0.11880009670362712
611.5942028985506         0.1315664784704376
608.6538461538461         0.14573965108941594
605.7416267942583         0.16102472989480293
602.8571428571428         0.17681583297078288
599.9999999999999         0.1921218112262406
597.1698113207547         0.2055808082004485
594.3661971830985         0.2156380631803228
591.5887850467288         0.2209056275701626
588.8372093023255         0.22059401669432463
586.1111111111111         0.21479509979707692
583.4101382488478         0.20444126412595925
580.7339449541283         0.19096931356155436
578.0821917808219         0.17589288436047554
575.4545454545454         0.16048462641465963
572.8506787330316         0.14564196222336753
570.2702702702702         0.1318975756777499
567.7130044843049         0.11950002892299919
565.1785714285713         0.10850707551345536
562.6666666666666         0.09886352078188884
560.1769911504424         0.09045633414238324
557.7092511013215         0.08314960228370978
555.2631578947368         0.07680474562936092
552.8384279475981         0.07129107506306602
550.4347826086956         0.06649048359619139
548.051948051948          0.06229880694222847
545.6896551724137         0.05862543036231891
543.3476394849785         0.055392074167611244
541.025641025641          0.05253128425314411
538.7234042553191         0.049984910099428674
536.4406779661016         0.047702711348537256
534.1772151898733         0.04564115475774174
531.9327731092436         0.043762420102600855
529.7071129707113         0.04203361048912128
527.4999999999999         0.04042615003277599
