791.2499999999999         0.039445495997815154
786.3354037267079         0.03970999553409341
781.4814814814814         0.04027647413672462
776.6871165644171         0.041159389017390496
771.951219512195          0.04238190099173994
767.2727272727273         0.04397689985330369
762.6506024096384         0.04598848922186918
758.0838323353291         0.04847399172619706
753.5714285714284         0.051506541457875976
749.1124260355028         0.055178314989230766
744.705882352941          0.05960439072330813
740.3508771929824         0.0649270720434471
736.0465116279069         0.07132017528166201
731.7919075144507         0.07899211358153627
727.5862068965516         0.08818534479198377
723.4285714285713         0.09916752060665664
719.3181818181816         0.11220607965104956
715.2542372881354         0.12751311953117989
711.2359550561796         0.14514303357291689
707.262569832402          0.16482820302858073
703.3333333333333         0.18576268861361417
699.4475138121546         0.206409028570109
695.6043956043954         0.2245009868888665
691.8032786885245         0.23745156570524803
688.0434782608695         0.2431834729481307
684.3243243243243         0.24098662782957672
680.6451612903226         0.23180172662946955
677.0053475935828         0.21772339311814698
673.4042553191488         0.20113414163696258
669.8412698412698         0.18402675112854078
666.315789473684          0.16773953675581846
662.8272251308899         0.15300264514495973
659.3749999999999         0.14010909544552996
655.9585492227978         0.12908731427386824
652.5773195876288         0.11982914356289813
649.2307692307692         0.11217065339999965
645.9183673469387         0.10593770461480015
642.6395939086294         0.1009690714364842
639.3939393939393         0.09712665220275278
636.180904522613          0.09429885957137125
632.9999999999999         0.09240076867475092
629.8507462686566         0.09137301100416673
626.7326732673266         0.0911804730911156
623.6453201970443         0.09181134714063045
620.5882352941176         0.09327681375288441
617.560975609756          0.0956115073036906
614.5631067961165         0.09887485854456678
611.5942028985506         0.10315338836730377
608.6538461538461         0.10856401642670359
605.7416267942583         0.11525842769013801
602.8571428571428         0.12342848562116765
599.9999999999999         0.13331256018834106
597.1698113207547         0.14520240425081463
594.3661971830985         0.1594497939874822
591.5887850467288         0.17647145713952128
588.8372093023255         0.19674975017082474
586.1111111111111         0.22082506334571125
583.4101382488478         0.24927416027655214
580.7339449541283         0.28266714796361564
578.0821917808219         0.32149584826507593
575.4545454545454         0.36607033587182725
572.8506787330316         0.4163911673805891
570.2702702702702         0.47202343624628534
567.7130044843049         0.5320200951914769
565.1785714285713         0.5949506971206597
562.6666666666666         0.6590667418026072
560.1769911504424         0.722567966713101
557.7092511013215         0.7838511433084907
555.2631578947368         0.8415779559162204
552.8384279475981         0.8944299239979602
550.4347826086956         0.9405185580502822
548.051948051948          0.976568337909468
545.6896551724137         0.9972183239598241
543.3476394849785         0.9951303457537377
541.025641025641          0.9628159307719676
538.7234042553191         0.8964211127287368
536.4406779661016         0.7995925428139434
534.1772151898733         0.6838745798536247
531.9327731092436         0.564306072029628
529.7071129707113         0.45352935238253084
527.4999999999999         0.35863151301818136
