791.2499999999999         0.2024324704081732
786.3354037267079         0.3679816917303978
781.4814814814814         0.5519703534552589
776.6871165644171         0.4840067139248111
771.951219512195          0.30238454242511514
767.2727272727273         0.1868747566383553
762.6506024096384         0.12480162703085373
758.0838323353291         0.09000614984807251
753.5714285714284         0.06909302626642468
749.1124260355028         0.05572267611482871
744.705882352941          0.046745031281159255
740.3508771929824         0.04048733338553755
736.0465116279069         0.036004088113195054
731.7919075144507         0.032730948469293364
727.5862068965516         0.03031489881835142
723.4285714285713         0.028525967139900854
719.3181818181816         0.027208895022211365
715.2542372881354         0.026255475966561404
711.2359550561796         0.025588124943455085
707.262569832402          0.025149836170534366
703.3333333333333         0.024897933598181047
699.4475138121546         0.02480016410561658
695.6043956043954         0.024832286660640645
691.8032786885245         0.02497663679963671
688.0434782608695         0.025221327496344294
684.3243243243243         0.025559855169542355
680.6451612903226         0.025990951912324766
677.0053475935828         0.026518582627180164
673.4042553191488         0.027152037752715057
669.8412698412698         0.027906120603930475
666.315789473684          0.02880147158385958
662.8272251308899         0.029865108328206866
659.3749999999999         0.031131292463179448
655.9585492227978         0.032642865001796986
652.5773195876288         0.03445323203115661
649.2307692307692         0.03662924223009875
645.9183673469387         0.03925529397266964
642.6395939086294         0.042439165053414794
639.3939393939393         0.04632030736059186
636.180904522613          0.051081749396827365
632.9999999999999         0.056967398768129535
629.8507462686566         0.0643076032071511
626.7326732673266         0.07355760638267055
623.6453201970443         0.08535653438766569
620.5882352941176         0.1006196340757431
617.560975609756          0.12068499763421069
614.5631067961165         0.1475494995472786
611.5942028985506         0.1842463929913668
608.6538461538461         0.23542328101745028
605.7416267942583         0.308089203631814
602.8571428571428         0.41195459769550397
599.9999999999999         0.5565785462075351
597.1698113207547         0.7366671343156742
594.3661971830985         0.8970234165894279
591.5887850467288         0.9293685336884121
588.8372093023255         0.7989393563702016
586.1111111111111         0.6037403436223983
583.4101382488478         0.43311219054751837
580.7339449541283         0.3093911386362048
578.0821917808219         0.2245936234943714
575.4545454545454         0.16671307327154433
572.8506787330316         0.12660439275193788
570.2702702702702         0.09822565391000679
567.7130044843049         0.07771467783299559
565.1785714285713         0.06259416924596302
562.6666666666666         0.05124840973403949
560.1769911504424         0.04260132606058537
557.7092511013215         0.03592075494238191
555.2631578947368         0.030698341315042243
552.8384279475981         0.026574546945981197
550.4347826086956         0.023290861771842086
548.051948051948          0.020658711361508188
545.6896551724137         0.01853882134814822
543.3476394849785         0.016827269277893728
541.025641025641          0.015445902252229353
538.7234042553191         0.014335662613991088
536.4406779661016         0.013451889536065078
534.1772151898733         0.012760990898164024
531.9327731092436         0.012238087230869703
529.7071129707113         0.011865364545908717
527.4999999999999         0.011630963549921075
