791.2499999999999         0.7127817690257809
786.3354037267079         0.6977861028929422
781.4814814814814         0.6873349067722301
776.6871165644171         0.6834624475568785
771.951219512195          0.6871018548650323
767.2727272727273         0.6982845679839691
762.6506024096384         0.7161368259345383
758.0838323353291         0.7386804197859503
753.5714285714284         0.7625543692652993
749.1124260355028         0.7829286682436605
744.705882352941          0.7940214483207538
740.3508771929824         0.7905120891320488
736.0465116279069         0.7695163602733704
731.7919075144507         0.7319834501805107
727.5862068965516         0.6824103690745545
723.4285714285713         0.6270047940970389
719.3181818181816         0.5715774810092538
715.2542372881354         0.5202922715622642
711.2359550561796         0.4754583392935116
707.262569832402          0.43792708722486284
703.3333333333333         0.40762787090944513
699.4475138121546         0.3839980916526692
695.6043956043954         0.36624759366162785
691.8032786885245         0.35348058020580986
688.0434782608695         0.34471736304893763
684.3243243243243         0.3388557658868215
680.6451612903226         0.3346121657362021
677.0053475935828         0.3304934363368132
673.4042553191488         0.3248664437324004
669.8412698412698         0.316183719480945
666.315789473684          0.3033539520404055
662.8272251308899         0.2861159088374468
659.3749999999999         0.26518610992820885
655.9585492227978         0.2420410570536683
652.5773195876288         0.21843577786381574
649.2307692307692         0.1959250546558382
645.9183673469387         0.17559392215665376
642.6395939086294         0.15802512548308606
639.3939393939393         0.14341107987818175
636.180904522613          0.13170668828414453
632.9999999999999         0.12276295383533642
629.8507462686566         0.11642416574827687
626.7326732673266         0.11259495986787045
623.6453201970443         0.11129195761582976
620.5882352941176         0.11269677235080901
617.560975609756          0.11722940578206612
614.5631067961165         0.12566748343915765
611.5942028985506         0.13934985107442105
608.6538461538461         0.1605189387910539
605.7416267942583         0.19283105609771714
602.8571428571428         0.2417391345061343
599.9999999999999         0.3126429235436968
597.1698113207547         0.39841254039230345
594.3661971830985         0.4487376083367476
591.5887850467288         0.3958755937095728
588.8372093023255         0.2790632591236578
586.1111111111111         0.179102166585084
583.4101382488478         0.11489669661837536
580.7339449541283         0.07629038889678359
578.0821917808219         0.052800146208961264
575.4545454545454         0.03800561737795509
572.8506787330316         0.02832616007003381
570.2702702702702         0.021763794166046988
567.7130044843049         0.017172114908778974
565.1785714285713         0.013870005646933631
562.6666666666666         0.011438455589256888
560.1769911504424         0.009611208286056898
557.7092511013215         0.008214040311011816
555.2631578947368         0.007129923524844707
552.8384279475981         0.00627839888343286
550.4347826086956         0.005603001819687237
548.051948051948          0.00506338817189726
545.6896551724137         0.004630282360290723
543.3476394849785         0.004282164683383933
541.025641025641          0.004003056412862875
538.7234042553191         0.003781013612237934
536.4406779661016         0.003607088358694494
534.1772151898733         0.0034746047064817933
531.9327731092436         0.003378651164170096
529.7071129707113         0.0033157256379796564
527.4999999999999         0.003283490759146479
