791.2499999999999         0.07089861536413002
786.3354037267079         0.07393124032197074
781.4814814814814         0.07804718299704214
776.6871165644171         0.08348996350264876
771.951219512195          0.09059496978727054
767.2727272727273         0.09982979782782006
762.6506024096384         0.11185496389158697
758.0838323353291         0.12761654376252637
753.5714285714284         0.14848831595812823
749.1124260355028         0.176487812673104
744.705882352941          0.21459101034678357
740.3508771929824         0.26713363096111575
736.0465116279069         0.3401058732887413
731.7919075144507         0.44050659051920654
727.5862068965516         0.5722227364607974
723.4285714285713         0.7238346404471554
719.3181818181816         0.8511688849176816
715.2542372881354         0.8894727148695423
711.2359550561796         0.8193505724435083
707.262569832402          0.6902957379169485
703.3333333333333         0.5589690271617648
699.4475138121546         0.45091832461158055
695.6043956043954         0.3692950477423545
691.8032786885245         0.3095197466807458
688.0434782608695         0.26614947531534927
684.3243243243243         0.2348098874134598
680.6451612903226         0.2123713967176194
677.0053475935828         0.19669971389378024
673.4042553191488         0.186385325961819
669.8412698412698         0.1805408289599989
666.315789473684          0.17866792102974438
662.8272251308899         0.18057875415337954
659.3749999999999         0.18635696461434792
655.9585492227978         0.19634607974094515
652.5773195876288         0.21115099389507394
649.2307692307692         0.2316254990203121
645.9183673469387         0.25878320112446673
642.6395939086294         0.2934894287093817
639.3939393939393         0.33565541191462683
636.180904522613          0.3825699531781087
632.9999999999999         0.42651523510416595
629.8507462686566         0.45395721929581073
626.7326732673266         0.45102039315167236
623.6453201970443         0.4146202454359452
620.5882352941176         0.3564097051337715
617.560975609756          0.2931002129491971
614.5631067961165         0.23606235494629818
611.5942028985506         0.18946335324425678
608.6538461538461         0.15314729275251585
605.7416267942583         0.12537120966774232
602.8571428571428         0.1041987203703708
599.9999999999999         0.08798722322175025
597.1698113207547         0.07547293339975739
594.3661971830985         0.06572151766317792
591.5887850467288         0.05805205505608469
588.8372093023255         0.0519691995773186
586.1111111111111         0.047110937513894786
583.4101382488478         0.04321060832359237
580.7339449541283         0.040069929355040355
578.0821917808219         0.03753996915956146
575.4545454545454         0.03550770464143756
572.8506787330316         0.03388645960734012
570.2702702702702         0.03260903655041559
567.7130044843049         0.031622722843815475
565.1785714285713         0.03088560930718587
562.6666666666666         0.03036383576668807
560.1769911504424         0.03002950009450171
557.7092511013215         0.02985905233406096
555.2631578947368         0.029832056094814017
552.8384279475981         0.029930243273386115
550.4347826086956         0.030136819941556703
548.051948051948          0.030436003171666243
545.6896551724137         0.030812781237771595
543.3476394849785         0.031252892783428673
541.025641025641          0.03174301406303554
538.7234042553191         0.03227112832198769
536.4406779661016         0.03282703091419103
534.1772151898733         0.033402903214093005
531.9327731092436         0.03399387440794352
529.7071129707113         0.03459848879059205
527.4999999999999         0.03521901011070932
