791.2499999999999         0.002806996114226525
786.3354037267079         0.0032788643679019405
781.4814814814814         0.00389238219725965
776.6871165644171         0.004704715694765416
771.951219512195          0.005803643874096585
767.2727272727273         0.007328637207922005
762.6506024096384         0.009510352045779496
758.0838323353291         0.012748738817453717
753.5714285714284         0.017777486624440515
749.1124260355028         0.02603581520874293
744.705882352941          0.04057574014688837
740.3508771929824         0.06841648166293515
736.0465116279069         0.12632851403566225
731.7919075144507         0.24430644596012535
727.5862068965516         0.3744177960539804
723.4285714285713         0.31631899981887157
719.3181818181816         0.19667708593149327
715.2542372881354         0.12528413732188087
711.2359550561796         0.08748352148503663
707.262569832402          0.06642327553622665
703.3333333333333         0.05395564613217486
699.4475138121546         0.04628046781627775
695.6043956043954         0.04152744122364521
691.8032786885245         0.03872658612837046
688.0434782608695         0.03736440102550147
684.3243243243243         0.03718384642736895
680.6451612903226         0.03809314595879436
677.0053475935828         0.04012925181783813
673.4042553191488         0.04345507062160048
669.8412698412698         0.04838568807804477
666.315789473684          0.05545016437301898
662.8272251308899         0.06550874797662222
659.3749999999999         0.07996734878060573
655.9585492227978         0.10117233628458738
652.5773195876288         0.1331451771088413
649.2307692307692         0.1829322612346464
645.9183673469387         0.26284612806332075
642.6395939086294         0.3926123988237162
639.3939393939393         0.592653428000573
636.180904522613          0.838788664598699
632.9999999999999         0.9935344531042264
629.8507462686566         0.9443997192427986
626.7326732673266         0.7884364740448869
623.6453201970443         0.6444940883928507
620.5882352941176         0.5462989317407997
617.560975609756          0.49041612216942665
614.5631067961165         0.4694391996195549
611.5942028985506         0.48054214859177996
608.6538461538461         0.5271311338963117
605.7416267942583         0.6191103307902338
602.8571428571428         0.7666719241242644
599.9999999999999         0.9393875595080037
597.1698113207547         0.9761207353390365
594.3661971830985         0.747899996589042
591.5887850467288         0.46005905357179033
588.8372093023255         0.26906324878065874
586.1111111111111         0.16256191256275573
583.4101382488478         0.10353888322129177
580.7339449541283         0.06943510583927426
578.0821917808219         0.04872228578765578
575.4545454545454         0.03554162864427806
572.8506787330316         0.02680405644037716
570.2702702702702         0.020804659535706583
567.7130044843049         0.0165595227480566
565.1785714285713         0.01347724438561138
562.6666666666666         0.011189243148049758
560.1769911504424         0.009458342334902543
557.7092511013215         0.008127557928342152
555.2631578947368         0.007090368742732655
552.8384279475981         0.006272894146574049
550.4347826086956         0.005622897335788945
548.051948051948          0.005102822266819554
545.6896551724137         0.004685281423350124
543.3476394849785         0.004350070963470283
541.025641025641          0.004082160296985738
538.7234042553191         0.003870317141268888
536.4406779661016         0.0037061559037787147
534.1772151898733         0.0035834741988382654
531.9327731092436         0.0034977901187334356
529.7071129707113         0.003446023307008127
527.4999999999999         0.003426282783817024
