791.2499999999999         0.011191338360833223
786.3354037267079         0.011485134593690835
781.4814814814814         0.011878657796726972
776.6871165644171         0.012382943549187429
771.951219512195          0.013012651372090936
767.2727272727273         0.013786877534033369
762.6506024096384         0.014730263912750691
758.0838323353291         0.01587450395556126
753.5714285714284         0.01726038988435612
749.1124260355028         0.018940607368551347
744.705882352941          0.020983574131529518
740.3508771929824         0.023478750972800826
736.0465116279069         0.026544047403185306
731.7919075144507         0.03033622789061297
727.5862068965516         0.035065636801328515
723.4285714285713         0.04101714557829817
719.3181818181816         0.04858001930977542
715.2542372881354         0.058290368035086006
711.2359550561796         0.07089072259119696
707.262569832402          0.08741111630549543
703.3333333333333         0.10927219513196863
699.4475138121546         0.138396627134212
695.6043956043954         0.17727573361683335
691.8032786885245         0.2288483358910649
688.0434782608695         0.2958890314800328
684.3243243243243         0.37945618621990634
680.6451612903226         0.4762369985729823
677.0053475935828         0.5761219017283998
673.4042553191488         0.6635393257105224
669.8412698412698         0.724678954987146
666.315789473684          0.7554533831199011
662.8272251308899         0.7622684494471129
659.3749999999999         0.7561792466747709
655.9585492227978         0.747214196683884
652.5773195876288         0.7422069497855907
649.2307692307692         0.7450516516962543
645.9183673469387         0.7575819840836556
642.6395939086294         0.7801652542273415
639.3939393939393         0.8117732828597318
636.180904522613          0.8495622557803127
632.9999999999999         0.8881821675081525
629.8507462686566         0.919391273360178
626.7326732673266         0.9329961710977138
623.6453201970443         0.9199508322350426
620.5882352941176         0.8767042756010036
617.560975609756          0.8076337401773598
614.5631067961165         0.7230970125632741
611.5942028985506         0.6346260899926924
608.6538461538461         0.5510004743476207
605.7416267942583         0.47703089130506243
602.8571428571428         0.414297399567909
599.9999999999999         0.3624413643007463
597.1698113207547         0.32021875090667956
594.3661971830985         0.2861395497536165
591.5887850467288         0.25878391666790324
588.8372093023255         0.2369252958952892
586.1111111111111         0.2195558441839444
583.4101382488478         0.20586954390012863
580.7339449541283         0.19523115083200585
578.0821917808219         0.18714375522137308
575.4545454545454         0.18121997277349675
572.8506787330316         0.1771582085978009
570.2702702702702         0.17472398238445522
567.7130044843049         0.1737358567272607
565.1785714285713         0.1740555129734902
562.6666666666666         0.17558169740784624
560.1769911504424         0.1782479821511764
557.7092511013215         0.18202448659804454
555.2631578947368         0.18692386776913147
552.8384279475981         0.19301203871700034
550.4347826086956         0.20042429854483787
548.051948051948          0.2093880079996131
545.6896551724137         0.22025383163356912
543.3476394849785         0.233539125722299
541.025641025641          0.24998945824563296
538.7234042553191         0.27066739055137395
536.4406779661016         0.29708030482346837
534.1772151898733         0.3313559782162286
531.9327731092436         0.37644668364536843
529.7071129707113         0.43622589391819144
527.4999999999999         0.514943224607916
