791.2499999999999         0.21503663200771161
786.3354037267079         0.2054821059752897
781.4814814814814         0.1828488544681764
776.6871165644171         0.15699565090228065
771.951219512195          0.13382474127127517
767.2727272727273         0.11522584471658201
762.6506024096384         0.10110126744140453
758.0838323353291         0.09074763464318263
753.5714285714284         0.08343945560917426
749.1124260355028         0.07860605872022179
744.705882352941          0.07585749650980678
740.3508771929824         0.07496940573701903
736.0465116279069         0.07586641062696521
731.7919075144507         0.07861699112231746
727.5862068965516         0.08344436149360407
723.4285714285713         0.09075588126996466
719.3181818181816         0.10119187315870316
715.2542372881354         0.11568673364146306
711.2359550561796         0.13550481808264392
707.262569832402          0.16211911641770618
703.3333333333333         0.1965596904734735
699.4475138121546         0.23746100552414937
695.6043956043954         0.27732175841458284
691.8032786885245         0.30044965890695996
688.0434782608695         0.2920899792263886
684.3243243243243         0.2548373968047814
680.6451612903226         0.20622742436039884
677.0053475935828         0.16116223852447661
673.4042553191488         0.1252112241352385
669.8412698412698         0.09824938829553126
666.315789473684          0.0783940608564173
662.8272251308899         0.06373417576024598
659.3749999999999         0.05277968002823825
655.9585492227978         0.044463649091395004
652.5773195876288         0.038042860893088976
649.2307692307692         0.03300146254262804
645.9183673469387         0.028978890914477723
642.6395939086294         0.025720177142213276
639.3939393939393         0.0230426223504698
636.180904522613          0.02081356948432919
632.9999999999999         0.018935495180541544
629.8507462686566         0.017335899221300206
626.7326732673266         0.015960348767719675
623.6453201970443         0.014767615168884762
620.5882352941176         0.013726215960928332
617.560975609756          0.012811915188149465
614.5631067961165         0.01200588949458035
611.5942028985506         0.011293366471724775
608.6538461538461         0.010662605201122779
605.7416267942583         0.010104129465058507
602.8571428571428         0.009610149996860821
599.9999999999999         0.009174128873704019
597.1698113207547         0.008790450311197549
594.3661971830985         0.008454169996775812
591.5887850467288         0.00816082110698875
588.8372093023255         0.00790626011941499
586.1111111111111         0.007686539931311495
583.4101382488478         0.007497801925942947
580.7339449541283         0.007336182678992172
578.0821917808219         0.007197735090478405
575.4545454545454         0.007078367857393238
572.8506787330316         0.0069738111405285505
570.2702702702702         0.006879619450458246
567.7130044843049         0.0067912241819549374
565.1785714285713         0.006704046514429053
562.6666666666666         0.006613675236755876
560.1769911504424         0.0065161028581911945
557.7092511013215         0.006407998224763594
555.2631578947368         0.006286978225467107
552.8384279475981         0.006151830552508227
550.4347826086956         0.006002639635511573
548.051948051948          0.005840781888770415
545.6896551724137         0.005668782188789051
543.3476394849785         0.005490053557776261
541.025641025641          0.005308566436490091
538.7234042553191         0.005128504915398735
536.4406779661016         0.004953962736731267
534.1772151898733         0.004788715620732765
531.9327731092436         0.004636085642077573
529.7071129707113         0.004498894817440865
527.4999999999999         0.0043794928475307
