791.2499999999999         0.0408588848541304
786.3354037267079         0.044597557678164715
781.4814814814814         0.0489728515698329
776.6871165644171         0.05411887037413719
771.951219512195          0.06020292227317797
767.2727272727273         0.06743354308347527
762.6506024096384         0.0760695005532132
758.0838323353291         0.08642866242511385
753.5714285714284         0.09889395924983099
749.1124260355028         0.1139104810057202
744.705882352941          0.13196206322285284
740.3508771929824         0.1535067949279246
736.0465116279069         0.1788400712926477
731.7919075144507         0.20784961008741978
727.5862068965516         0.23965339078612133
723.4285714285713         0.27220984409856486
719.3181818181816         0.30217403884295146
715.2542372881354         0.32540798224491896
711.2359550561796         0.3383001033073676
707.262569832402          0.3392965006834278
703.3333333333333         0.3295387234714968
699.4475138121546         0.3121290489803114
695.6043956043954         0.29070559844993404
691.8032786885245         0.2683210466716368
688.0434782608695         0.24701735177528786
684.3243243243243         0.2279093947540521
680.6451612903226         0.21145945811698216
677.0053475935828         0.19774458627524152
673.4042553191488         0.18664973839086124
669.8412698412698         0.1779873609669687
666.315789473684          0.17156421625169507
662.8272251308899         0.1672158168724597
659.3749999999999         0.1648229630382364
655.9585492227978         0.16431941291592644
652.5773195876288         0.1656959176118794
649.2307692307692         0.1690035069451632
645.9183673469387         0.1743575156202576
642.6395939086294         0.18194293745196097
639.3939393939393         0.19202091364669832
636.180904522613          0.20493513631831867
632.9999999999999         0.22111523154470072
629.8507462686566         0.24107114947266664
626.7326732673266         0.26536740499075556
623.6453201970443         0.2945579378628995
620.5882352941176         0.3290519223503742
617.560975609756          0.36887309357075504
614.5631067961165         0.41328593555605064
611.5942028985506         0.46032396672642417
608.6538461538461         0.5064039841684284
605.7416267942583         0.5464124637025009
602.8571428571428         0.5746872219106459
599.9999999999999         0.586853534714107
597.1698113207547         0.5816070433022026
594.3661971830985         0.5612010841050797
591.5887850467288         0.5303018720919637
588.8372093023255         0.4941300969160583
586.1111111111111         0.45703928593006754
583.4101382488478         0.4219687495227547
580.7339449541283         0.3905468638835875
578.0821917808219         0.3634559511789896
575.4545454545454         0.3408016708179283
572.8506787330316         0.32238937506266285
570.2702702702702         0.3079004014499944
567.7130044843049         0.2969926068092279
565.1785714285713         0.28935190610400696
562.6666666666666         0.2847149797578121
560.1769911504424         0.28287611878064867
557.7092511013215         0.2836857922040526
555.2631578947368         0.2870450395376005
552.8384279475981         0.2928977176824135
550.4347826086956         0.30122148552230843
548.051948051948          0.31201786179214297
545.6896551724137         0.325301556019088
543.3476394849785         0.34108945381688965
541.025641025641          0.35939007671960976
538.7234042553191         0.38019494622343075
536.4406779661016         0.40347388781215143
534.1772151898733         0.42917661568367804
531.9327731092436         0.45724254658377006
529.7071129707113         0.48761932815379666
527.4999999999999         0.520287877665704
