791.2499999999999         0.035855803724775294
786.3354037267079         0.035659798836424575
781.4814814814814         0.03449397293834148
776.6871165644171         0.03279150375683388
771.951219512195          0.030940811152280742
767.2727272727273         0.029211397247348465
762.6506024096384         0.027758809231071626
758.0838323353291         0.02666043849333717
753.5714285714284         0.02595152599759716
749.1124260355028         0.025651648995983708
744.705882352941          0.025782365619371722
740.3508771929824         0.02637961162015003
736.0465116279069         0.027504516555752735
731.7919075144507         0.029256022816797754
727.5862068965516         0.03178907209424042
723.4285714285713         0.035343798281195
719.3181818181816         0.040295157257689604
715.2542372881354         0.047241082133052545
711.2359550561796         0.05716622015339926
707.262569832402          0.07176157122934063
703.3333333333333         0.09408368776651278
699.4475138121546         0.12999180444251338
695.6043956043954         0.19140447606539793
691.8032786885245         0.30331418777128116
688.0434782608695         0.5113667996308513
684.3243243243243         0.8210480006333323
680.6451612903226         0.9309706738499849
677.0053475935828         0.6717834662075746
673.4042553191488         0.4160878652574643
669.8412698412698         0.2672110548143205
666.315789473684          0.1846291678441647
662.8272251308899         0.13646935045343714
659.3749999999999         0.1066496358522321
655.9585492227978         0.08721988550607186
652.5773195876288         0.07405411783358934
649.2307692307692         0.06488314303480214
645.9183673469387         0.05839024846794754
642.6395939086294         0.0537751893090146
639.3939393939393         0.05053221566555351
636.180904522613          0.048331034664089466
632.9999999999999         0.04694988862060992
629.8507462686566         0.0462363460621098
626.7326732673266         0.046083567369776195
623.6453201970443         0.04641570742846531
620.5882352941176         0.04717913154817757
617.560975609756          0.04833773348898794
614.5631067961165         0.04987153095688988
611.5942028985506         0.05177819688781563
608.6538461538461         0.05407744742917074
605.7416267942583         0.05681840566994392
602.8571428571428         0.060090379619335464
599.9999999999999         0.06403816869635555
597.1698113207547         0.06888433752823163
594.3661971830985         0.0749632687614044
591.5887850467288         0.08277588271946054
588.8372093023255         0.09308082534967768
586.1111111111111         0.10704917937076351
583.4101382488478         0.12652445747764768
580.7339449541283         0.1544273740090291
578.0821917808219         0.19519860870466907
575.4545454545454         0.2542730891367967
572.8506787330316         0.3319185403438431
570.2702702702702         0.40153141376522505
567.7130044843049         0.39842724215576536
565.1785714285713         0.30986579521507
562.6666666666666         0.20811600481038386
560.1769911504424         0.1350403752165914
557.7092511013215         0.08943644811021773
555.2631578947368         0.06146566808305738
552.8384279475981         0.04389723942902499
550.4347826086956         0.03247605946159261
548.051948051948          0.02478975951739263
545.6896551724137         0.019451366853572204
543.3476394849785         0.015639646924300473
541.025641025641          0.012852165975378277
538.7234042553191         0.010771634746073198
536.4406779661016         0.009191756260907846
534.1772151898733         0.00797484264823816
531.9327731092436         0.007026848054149482
529.7071129707113         0.00628223327402911
527.4999999999999         0.005694545362682267
