791.2499999999999         0.2426782138983558
786.3354037267079         0.265441979857719
781.4814814814814         0.29434193191857055
776.6871165644171         0.33066014024598905
771.951219512195          0.37591829460172066
767.2727272727273         0.4317727691959904
762.6506024096384         0.49972710710970597
758.0838323353291         0.580514377388395
753.5714285714284         0.672984056846129
749.1124260355028         0.7724805348573566
744.705882352941          0.8692510738656657
740.3508771929824         0.9483917342253184
736.0465116279069         0.9932694430133888
731.7919075144507         0.9923196506057171
727.5862068965516         0.9449981456378815
723.4285714285713         0.8618021218412494
719.3181818181816         0.758551160149833
715.2542372881354         0.649963363969671
711.2359550561796         0.5463221013794269
707.262569832402          0.45324970841637074
703.3333333333333         0.37291299709670916
699.4475138121546         0.30537490815340756
695.6043956043954         0.24960441653640728
691.8032786885245         0.204109991847569
688.0434782608695         0.167298701931443
684.3243243243243         0.1376630719052903
680.6451612903226         0.11386653707016839
677.0053475935828         0.09477132177122492
673.4042553191488         0.07943509545786946
669.8412698412698         0.06709220354885286
666.315789473684          0.057128820649318186
662.8272251308899         0.04905732279668578
659.3749999999999         0.04249262197870932
655.9585492227978         0.03713164285618273
652.5773195876288         0.03273621977724215
649.2307692307692         0.02911921914537616
645.9183673469387         0.02613348260543127
642.6395939086294         0.023663127648233175
639.3939393939393         0.021616761739968456
636.180904522613          0.01992222042159832
632.9999999999999         0.01852250465693501
629.8507462686566         0.01737265565612965
626.7326732673266         0.01643736107867163
623.6453201970443         0.01568913336652258
620.5882352941176         0.015106939339382222
617.560975609756          0.014675191326141753
614.5631067961165         0.014383035542549502
611.5942028985506         0.014223894751170366
608.6538461538461         0.014195241052021417
605.7416267942583         0.014298592599107995
602.8571428571428         0.01453974696291129
599.9999999999999         0.014929286041609128
597.1698113207547         0.015483415964531018
594.3661971830985         0.016225244863531996
591.5887850467288         0.017186658685821758
588.8372093023255         0.018411041485317046
586.1111111111111         0.0199572199539002
583.4101382488478         0.021905222365422434
580.7339449541283         0.024364780075357324
578.0821917808219         0.027488050719300643
575.4545454545454         0.03148895083237816
572.8506787330316         0.036672991779323684
570.2702702702702         0.043483993252304606
567.7130044843049         0.052578003296324
565.1785714285713         0.06494047053460268
562.6666666666666         0.08206855184823968
560.1769911504424         0.1062358980230762
557.7092511013215         0.1407983734423426
555.2631578947368         0.1902356728204243
552.8384279475981         0.2587794315126795
550.4347826086956         0.34488064905786
548.051948051948          0.4302910106217026
545.6896551724137         0.4787781319344139
543.3476394849785         0.468104815168564
541.025641025641          0.4159455958816328
538.7234042553191         0.3537416044294971
536.4406779661016         0.2994561073331427
534.1772151898733         0.25777101578331174
531.9327731092436         0.22776496580161823
529.7071129707113         0.20729404132359153
527.4999999999999         0.19449848910116765
