791.2499999999999         0.3672221024548671
786.3354037267079         0.3737202593776017
781.4814814814814         0.3841019882019475
776.6871165644171         0.3986472143606569
771.951219512195          0.4176760704525748
767.2727272727273         0.4414923664027008
762.6506024096384         0.4702733039094462
758.0838323353291         0.5038723526242128
753.5714285714284         0.5414992625002011
749.1124260355028         0.5812676131809311
744.705882352941          0.6196984250245332
740.3508771929824         0.6514754184627389
736.0465116279069         0.669985589295189
731.7919075144507         0.669095444320432
727.5862068965516         0.6457651528262957
723.4285714285713         0.6018816192508084
719.3181818181816         0.5437081602243029
715.2542372881354         0.4792427283948552
711.2359550561796         0.4154428149159299
707.262569832402          0.3568355389205781
703.3333333333333         0.30554765829621117
699.4475138121546         0.26201084066859015
695.6043956043954         0.2257139575654946
691.8032786885245         0.19574513408179098
688.0434782608695         0.17110695317290048
684.3243243243243         0.15087001031572866
680.6451612903226         0.13423172409604622
677.0053475935828         0.12052675210363048
673.4042553191488         0.10921600188874796
669.8412698412698         0.0998682912360057
666.315789473684          0.09214127651576572
662.8272251308899         0.08576437198923242
659.3749999999999         0.08052449205133784
655.9585492227978         0.0762546095286217
652.5773195876288         0.07282480467816639
649.2307692307692         0.07013540328967359
645.9183673469387         0.06811182960171802
642.6395939086294         0.06670086477491424
639.3939393939393         0.06586807521474712
636.180904522613          0.06559624566699986
632.9999999999999         0.06588471645833983
629.8507462686566         0.06674958253447595
626.7326732673266         0.06822476454396484
623.6453201970443         0.07036400779220896
620.5882352941176         0.07324389712044509
617.560975609756          0.07696797743479811
614.5631067961165         0.08167200084411534
611.5942028985506         0.08753009611631854
608.6538461538461         0.09476109680079081
605.7416267942583         0.10363301918856956
602.8571428571428         0.1144610933190438
599.9999999999999         0.12758971499467733
597.1698113207547         0.14333975474462587
594.3661971830985         0.16188934024201607
591.5887850467288         0.18304407642739495
588.8372093023255         0.205866217266326
586.1111111111111         0.22823139985842547
583.4101382488478         0.24662997755337074
580.7339449541283         0.25679750026376297
578.0821917808219         0.2554712128219385
575.4545454545454         0.2423286819639787
572.8506787330316         0.22031798514121048
570.2702702702702         0.19397215106593724
567.7130044843049         0.16732212579453562
565.1785714285713         0.1428828791920447
562.6666666666666         0.12173336884383595
560.1769911504424         0.10402570563425809
557.7092511013215         0.08945551689065079
555.2631578947368         0.07755911621462457
552.8384279475981         0.06786421559424143
550.4347826086956         0.05995193164189455
548.051948051948          0.053473839246183826
545.6896551724137         0.04814937601452916
543.3476394849785         0.04375629317761921
541.025641025641          0.04011986022023791
538.7234042553191         0.03710306612810495
536.4406779661016         0.03459848043584048
534.1772151898733         0.03252178147049791
531.9327731092436         0.030806728190491107
529.7071129707113         0.029401303489523092
527.4999999999999         0.028264778815269904
