791.2499999999999         0.6542437936014232
786.3354037267079         0.7072428212616364
781.4814814814814         0.759740567375679
776.6871165644171         0.804184817139503
771.951219512195          0.8302816028895348
767.2727272727273         0.8277566842412748
762.6506024096384         0.7912561554062334
758.0838323353291         0.7241825536801936
753.5714285714284         0.6376525345954599
749.1124260355028         0.5451196005292551
744.705882352941          0.45720248172151856
740.3508771929824         0.37976276379284324
736.0465116279069         0.31467040985947214
731.7919075144507         0.26141844509612533
727.5862068965516         0.21845751140849903
723.4285714285713         0.18398917842965307
719.3181818181816         0.1563403010698803
715.2542372881354         0.13409528206975788
711.2359550561796         0.11611186951593816
707.262569832402          0.10149052790776095
703.3333333333333         0.08953112730927996
699.4475138121546         0.07969115493811309
695.6043956043954         0.07155028230883735
691.8032786885245         0.06478206031179082
688.0434782608695         0.05913198514099548
684.3243243243243         0.05440076459014765
680.6451612903226         0.050431646354802066
677.0053475935828         0.04710084861285044
673.4042553191488         0.04431033447774196
669.8412698412698         0.04198235083917273
666.315789473684          0.04005529700112983
662.8272251308899         0.038480600767278196
659.3749999999999         0.03722036471802717
655.9585492227978         0.03624560944045655
652.5773195876288         0.03553498877835729
649.2307692307692         0.0350738891448461
645.9183673469387         0.03485385406428694
642.6395939086294         0.034872299178766636
639.3939393939393         0.03513250431820027
636.180904522613          0.035643890051777004
632.9999999999999         0.036422608640400665
629.8507462686566         0.03749250611058807
626.7326732673266         0.03888654668342114
623.6453201970443         0.04064883783061332
620.5882352941176         0.04283746092487426
617.560975609756          0.04552840971314425
614.5631067961165         0.048821083721778354
611.5942028985506         0.05284600327218694
608.6538461538461         0.05777575049232881
605.7416267942583         0.06384066673927705
602.8571428571428         0.07135166454171907
599.9999999999999         0.08073382228515169
597.1698113207547         0.09257650010269543
594.3661971830985         0.10770893250735705
591.5887850467288         0.12731500890001096
588.8372093023255         0.15310706165974883
586.1111111111111         0.18758288192731107
583.4101382488478         0.23437892364048765
580.7339449541283         0.29865537261012126
578.0821917808219         0.3871486060505681
575.4545454545454         0.5066179068320614
572.8506787330316         0.657510066536416
570.2702702702702         0.8193107789973083
567.7130044843049         0.9380029985036311
565.1785714285713         0.9543492923976931
562.6666666666666         0.8670454375242613
560.1769911504424         0.7310532282498626
557.7092511013215         0.5970605374072928
555.2631578947368         0.4863112839367138
552.8384279475981         0.4010744099683902
550.4347826086956         0.3370728553423228
548.051948051948          0.28921720228739073
545.6896551724137         0.2533027743023435
543.3476394849785         0.22621215785898174
541.025641025641          0.20571868808176264
538.7234042553191         0.1902470353641012
536.4406779661016         0.17867924263205778
534.1772151898733         0.17021372845824162
531.9327731092436         0.16426561566293174
529.7071129707113         0.16039533901666483
527.4999999999999         0.15825508047009515
