791.2499999999999         0.2683451979302439
786.3354037267079         0.27604796943619964
781.4814814814814         0.28623385491816017
776.6871165644171         0.2994779710558701
771.951219512195          0.3164530965572837
767.2727272727273         0.337961781708951
762.6506024096384         0.36496584361269374
758.0838323353291         0.3986021235116644
753.5714285714284         0.44016121137884634
749.1124260355028         0.4909839372898878
744.705882352941          0.5521968904208178
740.3508771929824         0.6241727103485133
736.0465116279069         0.7056094886374795
731.7919075144507         0.7922935990928192
727.5862068965516         0.8760975859918626
723.4285714285713         0.945460518616337
719.3181818181816         0.9885814817720501
715.2542372881354         0.9985723125503045
711.2359550561796         0.9770183155559579
707.262569832402          0.9328789834371977
703.3333333333333         0.8779265398319472
699.4475138121546         0.8225055264729083
695.6043956043954         0.7737428635638526
691.8032786885245         0.7357904935966298
688.0434782608695         0.7108669787497712
684.3243243243243         0.7002820917876816
680.6451612903226         0.7051542643908387
677.0053475935828         0.7267534403715827
673.4042553191488         0.7663304875851229
669.8412698412698         0.8239486908893289
666.315789473684          0.8952276251651383
662.8272251308899         0.9648162154918757
659.3749999999999         0.999598168677277
655.9585492227978         0.9575075705600801
652.5773195876288         0.8258445276603339
649.2307692307692         0.6456156526414024
645.9183673469387         0.47320768640548283
642.6395939086294         0.33745030516260205
639.3939393939393         0.24024676817168608
636.180904522613          0.17315743832210964
632.9999999999999         0.12712090320912897
629.8507462686566         0.0952392062037758
626.7326732673266         0.07280978331198178
623.6453201970443         0.056742825483482036
620.5882352941176         0.045021154278640556
617.560975609756          0.036318175611045646
614.5631067961165         0.029749592155903334
611.5942028985506         0.02471641015221135
608.6538461538461         0.020806045969109642
605.7416267942583         0.017729585755916048
602.8571428571428         0.015281490412976873
599.9999999999999         0.013313336740951792
597.1698113207547         0.011716440669634351
594.3661971830985         0.01041018012973351
591.5887850467288         0.009334029866766557
588.8372093023255         0.008442049936674061
586.1111111111111         0.007699019990698817
583.4101382488478         0.007077693151113382
580.7339449541283         0.006556821906371664
578.0821917808219         0.006119723309366556
575.4545454545454         0.005753225634750928
572.8506787330316         0.005446888118812466
570.2702702702702         0.00519241851731024
567.7130044843049         0.004983235663845062
565.1785714285713         0.004814139619575736
562.6666666666666         0.0046810627145700895
560.1769911504424         0.004580882321590339
557.7092511013215         0.004511281587710423
555.2631578947368         0.004470648257866913
552.8384279475981         0.004458004620564635
550.4347826086956         0.004472963810950699
548.051948051948          0.004515709448574096
545.6896551724137         0.004586997034199719
543.3476394849785         0.0046881768111529205
541.025641025641          0.004821239018637039
538.7234042553191         0.004988883723114815
536.4406779661016         0.005194618804232416
534.1772151898733         0.005442891296890046
531.9327731092436         0.005739259270796085
529.7071129707113         0.006090613909877097
527.4999999999999         0.006505464620854578
