791.2499999999999         0.008369193456331638
786.3354037267079         0.007986942593798249
781.4814814814814         0.007678014391056117
776.6871165644171         0.0074353785216739994
771.951219512195          0.007253861193187259
767.2727272727273         0.0071299477698471125
762.6506024096384         0.007061668184644477
758.0838323353291         0.007048560837638044
753.5714285714284         0.007091717129331979
749.1124260355028         0.007193916095141786
744.705882352941          0.007359867844508788
740.3508771929824         0.007596597198307029
736.0465116279069         0.007914017450999847
731.7919075144507         0.008325772472674783
727.5862068965516         0.008850470048240697
723.4285714285713         0.009513502034294666
719.3181818181816         0.010349768493704538
715.2542372881354         0.011407832189080726
711.2359550561796         0.012756400804162342
707.262569832402          0.01449471363417706
703.3333333333333         0.01676969770425723
699.4475138121546         0.019805294227166283
695.6043956043954         0.023954549236130142
691.8032786885245         0.029796121256184714
688.0434782608695         0.038321201621355674
684.3243243243243         0.051310932243022356
680.6451612903226         0.07211574858304581
677.0053475935828         0.10717563140427398
673.4042553191488         0.16780123825238824
669.8412698412698         0.2627151661484075
666.315789473684          0.3451692539637525
662.8272251308899         0.30965688988013196
659.3749999999999         0.2095157134111066
655.9585492227978         0.13386705519545974
652.5773195876288         0.08898964256629416
649.2307692307692         0.06263049922132426
645.9183673469387         0.046448814204559506
642.6395939086294         0.03600107912629089
639.3939393939393         0.028945250725577906
636.180904522613          0.02399857757832933
632.9999999999999         0.020424484631832936
629.8507462686566         0.01778048867884708
626.7326732673266         0.01578992584239856
623.6453201970443         0.014273793751486595
620.5882352941176         0.013112961444373508
617.560975609756          0.012226386892120711
614.5631067961165         0.011558128431334464
611.5942028985506         0.011069380460064296
608.6538461538461         0.010733490943744931
605.7416267942583         0.01053281959376757
602.8571428571428         0.010456785184562008
599.9999999999999         0.010500728481842605
597.1698113207547         0.01066538454670574
594.3661971830985         0.010956868428208564
591.5887850467288         0.011387162646996529
588.8372093023255         0.011975174845255671
586.1111111111111         0.012748529057423156
583.4101382488478         0.013746388653295388
580.7339449541283         0.01502382142586706
578.0821917808219         0.016658575495526094
575.4545454545454         0.018761767702143894
572.8506787330316         0.021495151075637233
570.2702702702702         0.02509986039461018
567.7130044843049         0.029946002712966054
565.1785714285713         0.03662183917367948
562.6666666666666         0.04610206359948376
560.1769911504424         0.06008335405197852
557.7092511013215         0.0816964907373511
555.2631578947368         0.11712152372180393
552.8384279475981         0.17946522503835619
550.4347826086956         0.2979324426616997
548.051948051948          0.5306708028146485
545.6896551724137         0.8856079883939165
543.3476394849785         0.956466585258957
541.025641025641          0.6362351668914491
538.7234042553191         0.37992488688942005
536.4406779661016         0.2415748407322631
534.1772151898733         0.1667061789176468
531.9327731092436         0.12332311748839883
529.7071129707113         0.09645418145970416
527.4999999999999         0.07890285437944733
