791.2499999999999         0.18487356686883027
786.3354037267079         0.2031622338527762
781.4814814814814         0.2248561364136714
776.6871165644171         0.25030430696879574
771.951219512195          0.2797129199298514
767.2727272727273         0.31299586163785015
762.6506024096384         0.3495770614251901
758.0838323353291         0.3881850921359789
753.5714285714284         0.4267382727224259
749.1124260355028         0.46246610878511984
744.705882352941          0.49237834798392616
740.3508771929824         0.5140178705287733
736.0465116279069         0.5261931488610883
731.7919075144507         0.5293067848288893
727.5862068965516         0.5251188557094029
723.4285714285713         0.5161312366780328
719.3181818181816         0.5049415256651203
715.2542372881354         0.4938128780858811
711.2359550561796         0.4845090108218098
707.262569832402          0.4783176142171387
703.3333333333333         0.4761604393415049
699.4475138121546         0.4787156029787013
695.6043956043954         0.48651044290707773
691.8032786885245         0.49996169518540645
688.0434782608695         0.5193417028159752
684.3243243243243         0.5446391564866799
680.6451612903226         0.5752694622836461
677.0053475935828         0.6095955288879434
673.4042553191488         0.6442967178594649
669.8412698412698         0.6738524073247638
666.315789473684          0.6907887464515788
662.8272251308899         0.6875018451676088
659.3749999999999         0.6595984928138718
655.9585492227978         0.6087557135695526
652.5773195876288         0.5424359466087656
649.2307692307692         0.47039285108074647
645.9183673469387         0.40084555210594486
642.6395939086294         0.3387110757881297
639.3939393939393         0.285868661979781
636.180904522613          0.24224625573226982
632.9999999999999         0.20683025730654706
629.8507462686566         0.17831370500636187
626.7326732673266         0.15542667561481646
623.6453201970443         0.13706874115235185
620.5882352941176         0.1223396479195127
617.560975609756          0.11052578329700978
614.5631067961165         0.10107189200115373
611.5942028985506         0.09355135865169545
608.6538461538461         0.08764021022853079
605.7416267942583         0.08309625344687338
602.8571428571428         0.07974324194532341
599.9999999999999         0.07745948280389338
597.1698113207547         0.07617025637971198
594.3661971830985         0.07584356545484375
591.5887850467288         0.07648892737725595
588.8372093023255         0.07815911628847504
586.1111111111111         0.0809548970217125
583.4101382488478         0.08503275938238823
580.7339449541283         0.09061519550713018
578.0821917808219         0.09800152043911152
575.4545454545454         0.10757313055252427
572.8506787330316         0.11977723402252813
570.2702702702702         0.13505157163583656
567.7130044843049         0.15361257953235297
565.1785714285713         0.17498022609562394
562.6666666666666         0.1971464312028176
560.1769911504424         0.21569783737777476
557.7092511013215         0.22421343434225754
555.2631578947368         0.21755145450750676
552.8384279475981         0.1962499188167227
550.4347826086956         0.16660120339333873
548.051948051948          0.13592328804232198
545.6896551724137         0.10877805913964127
543.3476394849785         0.08668830560117317
541.025641025641          0.06943823288700222
538.7234042553191         0.05618913373629331
536.4406779661016         0.04604166443106935
534.1772151898733         0.03823421946454561
531.9327731092436         0.032177409509374984
529.7071129707113         0.027432181474140758
527.4999999999999         0.023676153432829295
