791.2499999999999         0.6292135669847159
786.3354037267079         0.5770539567119697
781.4814814814814         0.5226280672629776
776.6871165644171         0.4678195858365084
771.951219512195          0.4144351862060917
767.2727272727273         0.3640481141990708
762.6506024096384         0.31785115187422164
758.0838323353291         0.2765780091748804
753.5714285714284         0.24051424334824983
749.1124260355028         0.20957879088304526
744.705882352941          0.1834381088428455
740.3508771929824         0.16161832960379857
736.0465116279069         0.14359528691677007
731.7919075144507         0.12885652080016577
727.5862068965516         0.11693830112819793
723.4285714285713         0.10744429329146885
719.3181818181816         0.1000527066639958
715.2542372881354         0.09451755815818291
711.2359550561796         0.09066827429421254
707.262569832402          0.08841083706973524
703.3333333333333         0.08773329521341457
699.4475138121546         0.08871887021875273
695.6043956043954         0.09157136490221904
691.8032786885245         0.09666075200737351
688.0434782608695         0.10460297510809653
684.3243243243243         0.1163996246138826
680.6451612903226         0.13368438635497118
677.0053475935828         0.15915731894987062
673.4042553191488         0.19731482347450835
669.8412698412698         0.2554202218773703
666.315789473684          0.34326804443995496
662.8272251308899         0.46363791434758006
659.3749999999999         0.5737640716924324
655.9585492227978         0.5662742597042344
652.5773195876288         0.4320931153631135
649.2307692307692         0.28855438910584047
645.9183673469387         0.18931817991206867
642.6395939086294         0.1280806842916796
639.3939393939393         0.09038861988656781
636.180904522613          0.06646246247676268
632.9999999999999         0.0506939393971261
629.8507462686566         0.03992442381031548
626.7326732673266         0.03233450519039883
623.6453201970443         0.026840457602480723
620.5882352941176         0.02277393680901965
617.560975609756          0.019709125544474494
614.5631067961165         0.017366680840590957
611.5942028985506         0.015558613886196346
608.6538461538461         0.014155651089457502
605.7416267942583         0.013067337935974355
602.8571428571428         0.012229592345565154
599.9999999999999         0.011596744384826921
597.1698113207547         0.011136357060293948
594.3661971830985         0.010825822345149685
591.5887850467288         0.010650127171509233
588.8372093023255         0.010600420664333733
586.1111111111111         0.010673158472557263
583.4101382488478         0.010869692409659668
580.7339449541283         0.011196236477426355
578.0821917808219         0.011664187373986777
575.4545454545454         0.012290817649821244
572.8506787330316         0.013100399269103466
570.2702702702702         0.014125860055269996
567.7130044843049         0.01541113104701574
565.1785714285713         0.017014415723928464
562.6666666666666         0.019012710400551466
560.1769911504424         0.02150803868649334
557.7092511013215         0.024636043312450034
555.2631578947368         0.0285778177930188
552.8384279475981         0.03357616713670147
550.4347826086956         0.039957858833008585
548.051948051948          0.04816383373293804
545.6896551724137         0.058789706966183304
543.3476394849785         0.07263900771167632
541.025641025641          0.09079105828774886
538.7234042553191         0.11468318121775892
536.4406779661016         0.14620039961040737
534.1772151898733         0.18774729183860725
531.9327731092436         0.24222415642913656
529.7071129707113         0.3126865907200805
527.4999999999999         0.40112526291467415
