791.2499999999999         0.019745232009129823
786.3354037267079         0.018698859441157963
781.4814814814814         0.017852237712615425
776.6871165644171         0.01718031547240672
771.951219512195          0.016664038432277435
767.2727272727273         0.016289290405750955
762.6506024096384         0.01604613692965105
758.0838323353291         0.015928305997889712
753.5714285714284         0.015932861835914667
749.1124260355028         0.016060043606424775
744.705882352941          0.016313253332471266
740.3508771929824         0.01669918741278534
736.0465116279069         0.01722811469425334
731.7919075144507         0.01791431156515416
727.5862068965516         0.018776670884572168
723.4285714285713         0.0198395060375754
719.3181818181816         0.021133572156428797
715.2542372881354         0.02269731980737226
711.2359550561796         0.024578375146829357
707.262569832402          0.0268351921315486
703.3333333333333         0.02953872552411731
699.4475138121546         0.03277379420303436
695.6043956043954         0.03663949342676957
691.8032786885245         0.04124751296947453
688.0434782608695         0.046716485830685425
684.3243243243243         0.053159597076391014
680.6451612903226         0.060661993218113656
677.0053475935828         0.06924503594107084
673.4042553191488         0.07881798915999955
669.8412698412698         0.08912646554695891
666.315789473684          0.09972065020326781
662.8272251308899         0.109977399570076
659.3749999999999         0.11920229575169881
655.9585492227978         0.12679838277691377
652.5773195876288         0.13243541300947304
649.2307692307692         0.13613585058121336
645.9183673469387         0.138239869907161
642.6395939086294         0.13928408170193549
639.3939393939393         0.139864730191166
636.180904522613          0.14053846960573554
632.9999999999999         0.14177470180444596
629.8507462686566         0.14394574937488916
626.7326732673266         0.14733236008941356
623.6453201970443         0.1521236813325865
620.5882352941176         0.15839385350967078
617.560975609756          0.1660385784645682
614.5631067961165         0.17465845227080126
611.5942028985506         0.18339495625649777
608.6538461538461         0.19078271705285016
605.7416267942583         0.19478644720584684
602.8571428571428         0.19325890829666145
599.9999999999999         0.1848597003527079
597.1698113207547         0.1699315308329959
594.3661971830985         0.15053351772200052
591.5887850467288         0.12948562467558308
588.8372093023255         0.10921636222182657
586.1111111111111         0.09118622642724088
583.4101382488478         0.07594100258757087
580.7339449541283         0.06343676543432333
578.0821917808219         0.05334922429246466
575.4545454545454         0.045272035260675685
572.8506787330316         0.03881621135403276
570.2702702702702         0.03364834887118368
567.7130044843049         0.029497963629466807
565.1785714285713         0.026151847672180494
562.6666666666666         0.023444422198926878
560.1769911504424         0.021248010895908526
557.7092511013215         0.01946445682627371
555.2631578947368         0.018018391544455316
552.8384279475981         0.01685202898430269
550.4347826086956         0.01592122648762558
548.051948051948          0.0151925509409116
545.6896551724137         0.014641127773317265
543.3476394849785         0.014249100253610092
541.025641025641          0.01400457347044122
538.7234042553191         0.013900958429305022
536.4406779661016         0.013936667682969976
534.1772151898733         0.01411514737930747
531.9327731092436         0.014445265103813307
529.7071129707113         0.014942113039982654
527.4999999999999         0.01562833813392716
