791.2499999999999         0.13787834513239863
786.3354037267079         0.14885530449531337
781.4814814814814         0.1637636261425723
776.6871165644171         0.18387174134093526
771.951219512195          0.2110242428738268
767.2727272727273         0.247891827640842
762.6506024096384         0.2982473359471944
758.0838323353291         0.36702499572706515
753.5714285714284         0.45928425038834503
749.1124260355028         0.5757132645804323
744.705882352941          0.7012331537713552
740.3508771929824         0.7922745892193255
736.0465116279069         0.7954592152332172
731.7919075144507         0.7062480237950691
727.5862068965516         0.575949132936287
723.4285714285713         0.45286768524525717
719.3181818181816         0.3553691285382076
715.2542372881354         0.28337705452024287
711.2359550561796         0.23140422493593016
707.262569832402          0.19398991260945989
703.3333333333333         0.16698684622841772
699.4475138121546         0.14750996024831753
695.6043956043954         0.13362248368259888
691.8032786885245         0.12405640907380021
688.0434782608695         0.11801808086377913
684.3243243243243         0.11506971538062542
680.6451612903226         0.11507188062543963
677.0053475935828         0.11818026883585217
673.4042553191488         0.12490355783265192
669.8412698412698         0.13624990862229136
666.315789473684          0.15402709425024164
662.8272251308899         0.18143473602000157
659.3749999999999         0.22422282003104016
655.9585492227978         0.2928220381079845
652.5773195876288         0.4049428590186687
649.2307692307692         0.5786978587156135
645.9183673469387         0.7658295493505604
642.6395939086294         0.7545172956749903
639.3939393939393         0.5225950176430446
636.180904522613          0.31273551856103987
632.9999999999999         0.18863053585405976
629.8507462686566         0.11988822207233783
626.7326732673266         0.08050714123470164
623.6453201970443         0.056720128451587776
620.5882352941176         0.041601768787887385
617.560975609756          0.03155783545127109
614.5631067961165         0.024630007865814676
611.5942028985506         0.019697849956247605
608.6538461538461         0.01609114085182765
605.7416267942583         0.013392907876393228
602.8571428571428         0.01133467000292831
599.9999999999999         0.009738292375162785
597.1698113207547         0.008482439634864272
594.3661971830985         0.007482539213254124
591.5887850467288         0.006678438097100006
588.8372093023255         0.006026586353493487
586.1111111111111         0.005494963865383445
583.4101382488478         0.005059714399537312
580.7339449541283         0.004702868407679947
578.0821917808219         0.004410775752344507
575.4545454545454         0.0041730110848893056
572.8506787330316         0.003981600234624936
570.2702702702702         0.0038304689889729726
567.7130044843049         0.0037150492134906924
565.1785714285713         0.0036319989996994495
562.6666666666666         0.0035790079636023337
560.1769911504424         0.0035546687066683722
557.7092511013215         0.003558402529022136
555.2631578947368         0.003590432894179578
552.8384279475981         0.003651804697013563
550.4347826086956         0.0037444517326094833
548.051948051948          0.003871319525203299
545.6896551724137         0.004036556572537129
543.3476394849785         0.004245795063682051
541.025641025641          0.004506553694828072
538.7234042553191         0.0048288126645590805
536.4406779661016         0.0052258381518097904
534.1772151898733         0.005715377228379493
531.9327731092436         0.006321416035783606
529.7071129707113         0.007076815708345737
527.4999999999999         0.008027352563755787
