791.2499999999999         0.458410312653855
786.3354037267079         0.40631928963540015
781.4814814814814         0.3585628465594499
776.6871165644171         0.3162514652347062
771.951219512195          0.27966993401953094
767.2727272727273         0.24858093013099936
762.6506024096384         0.2224770047149971
758.0838323353291         0.20075270213330176
753.5714285714284         0.18280632226940266
749.1124260355028         0.16809196183011899
744.705882352941          0.15614089830309197
740.3508771929824         0.14656611117437934
736.0465116279069         0.13905872751245144
731.7919075144507         0.13338154804937913
727.5862068965516         0.12936251442616806
723.4285714285713         0.12688967025241113
719.3181818181816         0.1259085165759312
715.2542372881354         0.12642243546309373
711.2359550561796         0.12849692324724535
707.262569832402          0.13226868920186843
703.3333333333333         0.1379612561799105
699.4475138121546         0.14590963310222163
695.6043956043954         0.1565980708827738
691.8032786885245         0.17071708259926688
688.0434782608695         0.18924900829709032
684.3243243243243         0.21359525767843313
680.6451612903226         0.24576108127147428
677.0053475935828         0.2886072579334119
673.4042553191488         0.34613436636171424
669.8412698412698         0.4235969760635867
666.315789473684          0.5267198361912138
662.8272251308899         0.6580050936264928
659.3749999999999         0.8065850896352671
655.9585492227978         0.9329460981199383
652.5773195876288         0.9741765413955584
649.2307692307692         0.8998690842120045
645.9183673469387         0.7515507820177687
642.6395939086294         0.5932656207937638
639.3939393939393         0.45994637333173194
636.180904522613          0.35828902895112297
632.9999999999999         0.28344927441896284
629.8507462686566         0.22862239521696773
626.7326732673266         0.18811146592217576
623.6453201970443         0.15775821267865756
620.5882352941176         0.13466120620623406
617.560975609756          0.1168166904144068
614.5631067961165         0.10283418689421185
611.5942028985506         0.09173754812094916
608.6538461538461         0.08283147031852921
605.7416267942583         0.0756128921357052
602.8571428571428         0.0697120137672579
599.9999999999999         0.06485266159745759
597.1698113207547         0.06082531928459719
594.3661971830985         0.057468527027983246
591.5887850467288         0.05465587945465754
588.8372093023255         0.05228682587900215
586.1111111111111         0.05028009757818547
583.4101382488478         0.04856898526035665
580.7339449541283         0.04709794726600807
578.0821917808219         0.045820195460256646
575.4545454545454         0.04469601241734968
572.8506787330316         0.0436916201184885
570.2702702702702         0.042778460143966114
567.7130044843049         0.04193276782606101
565.1785714285713         0.04113533574253258
562.6666666666666         0.040371371758515566
560.1769911504424         0.03963036870464669
557.7092511013215         0.03890591989964421
555.2631578947368         0.038195437728964866
552.8384279475981         0.03749975936560083
550.4347826086956         0.03682265047183592
548.051948051948          0.036170239731879376
545.6896551724137         0.03555043065863788
543.3476394849785         0.034972340727529395
541.025641025641          0.034445812393963465
538.7234042553191         0.0339810287357914
536.4406779661016         0.033588251958624166
534.1772151898733         0.03327768918357406
531.9327731092436         0.03305947916534858
529.7071129707113         0.03294378696171708
527.4999999999999         0.032940991088850215
