791.2499999999999         0.3889762929641772
786.3354037267079         0.3635587895537155
781.4814814814814         0.3308949492511932
776.6871165644171         0.29795515629292374
771.951219512195          0.26851734471236305
767.2727272727273         0.2439702861649228
762.6506024096384         0.22441435961482523
758.0838323353291         0.2094130223750776
753.5714285714284         0.19838261902852536
749.1124260355028         0.1907559050573596
744.705882352941          0.18602748414878045
740.3508771929824         0.18374094011680492
736.0465116279069         0.1834449743065626
731.7919075144507         0.18463010283523337
727.5862068965516         0.1866548814538437
723.4285714285713         0.18868031392282908
719.3181818181816         0.189651744362916
715.2542372881354         0.18838732727737767
711.2359550561796         0.1838182401152186
707.262569832402          0.17534026762752006
703.3333333333333         0.16310488133264575
699.4475138121546         0.1480364532199025
695.6043956043954         0.13152242638164266
691.8032786885245         0.11496160627433959
688.0434782608695         0.09942336673860122
684.3243243243243         0.08553077782009676
680.6451612903226         0.07351803956911711
677.0053475935828         0.06335723087945669
673.4042553191488         0.05487907506345575
669.8412698412698         0.04785870830893593
666.315789473684          0.04206613335275327
662.8272251308899         0.03729112590420569
659.3749999999999         0.03335264575761727
655.9585492227978         0.03010001844988703
652.5773195876288         0.027410334852767695
649.2307692307692         0.025184505341222102
645.9183673469387         0.023343176120185653
642.6395939086294         0.021823032575698058
639.3939393939393         0.020573663395824216
636.180904522613          0.0195549931576852
632.9999999999999         0.018735222007041818
629.8507462686566         0.01808918974548194
626.7326732673266         0.017597081974041848
623.6453201970443         0.017243404692413408
620.5882352941176         0.01701616456764034
617.560975609756          0.016906202163207335
614.5631067961165         0.016906633743591845
611.5942028985506         0.017012363723660374
608.6538461538461         0.01721963479126207
605.7416267942583         0.017525586914362835
602.8571428571428         0.017927800906582258
599.9999999999999         0.018423808393937254
597.1698113207547         0.0190105596859756
594.3661971830985         0.019683856150603717
591.5887850467288         0.02043777577539154
588.8372093023255         0.021264149758160045
586.1111111111111         0.02215218124751287
583.4101382488478         0.02308832707061071
580.7339449541283         0.024056576413834505
578.0821917808219         0.02503924077180074
575.4545454545454         0.026018304206827006
572.8506787330316         0.026977272695043204
570.2702702702702         0.027903329148742856
567.7130044843049         0.02878949178636866
565.1785714285713         0.029636439644956873
562.6666666666666         0.030453741846239873
560.1769911504424         0.031260396320556605
557.7092511013215         0.03208479704887284
555.2631578947368         0.03296443927381843
552.8384279475981         0.03394579322166964
550.4347826086956         0.03508482612575623
548.051948051948          0.03644867011971164
545.6896551724137         0.03811898711848132
543.3476394849785         0.040197752485660564
541.025641025641          0.04281656901468242
538.7234042553191         0.04615139059677014
536.4406779661016         0.0504459804962709
534.1772151898733         0.05605016794769282
531.9327731092436         0.06348431852521143
529.7071129707113         0.0735523334238215
527.4999999999999         0.08754872599834035
