791.2499999999999         0.4748479811785055
786.3354037267079         0.4228258928249442
781.4814814814814         0.3658911690003295
776.6871165644171         0.314431046910015
771.951219512195          0.27178188614103355
767.2727272727273         0.23791940530199235
762.6506024096384         0.21171078317311898
758.0838323353291         0.19189217807043263
753.5714285714284         0.1774056479099861
749.1124260355028         0.16748204355224927
744.705882352941          0.16164425817324313
740.3508771929824         0.15970106797517428
736.0465116279069         0.16176041219748247
731.7919075144507         0.1682779332523662
727.5862068965516         0.18015447589076014
723.4285714285713         0.19889235620269502
719.3181818181816         0.22678689912083047
715.2542372881354         0.2669729789466923
711.2359550561796         0.3225715171155148
707.262569832402          0.39261321265620996
703.3333333333333         0.46109551989451514
699.4475138121546         0.4875411750277326
695.6043956043954         0.4387930481619192
691.8032786885245         0.3411628177521088
688.0434782608695         0.24538100858998077
684.3243243243243         0.1735147401360827
680.6451612903226         0.12458473998114973
677.0053475935828         0.09195979739362692
673.4042553191488         0.06998107862454016
669.8412698412698         0.05485473088083734
666.315789473684          0.04419336692581303
662.8272251308899         0.036506437731633784
659.3749999999999         0.03085146864351583
655.9585492227978         0.026620449032832984
652.5773195876288         0.02341244404034555
649.2307692307692         0.02095740045145887
645.9183673469387         0.019069900920529542
642.6395939086294         0.017620558184144697
639.3939393939393         0.016517967644292638
636.180904522613          0.01569710852177761
632.9999999999999         0.015111772838503958
629.8507462686566         0.014729573127786201
626.7326732673266         0.014528649449120924
623.6453201970443         0.014495538876952265
620.5882352941176         0.01462388416966756
617.560975609756          0.014913799214306226
614.5631067961165         0.015371811261312832
611.5942028985506         0.01601138690480243
608.6538461538461         0.01685413906347541
605.7416267942583         0.01793192626475869
602.8571428571428         0.019290221928597435
599.9999999999999         0.020993397356453936
597.1698113207547         0.023133012910313878
594.3661971830985         0.02584100823083246
591.5887850467288         0.02931113726945886
588.8372093023255         0.033834728277023086
586.1111111111111         0.03986209758127498
583.4101382488478         0.048111072407842154
580.7339449541283         0.059762871088869754
578.0821917808219         0.07681425093184824
575.4545454545454         0.10265676385549517
572.8506787330316         0.14263601486963604
570.2702702702702         0.2021350043505429
567.7130044843049         0.2718752313957565
565.1785714285713         0.299731704590825
562.6666666666666         0.24668403535480493
560.1769911504424         0.1679061557825216
557.7092511013215         0.10925545570792689
555.2631578947368         0.07281621962849386
552.8384279475981         0.05062407567096753
550.4347826086956         0.036723066996837875
548.051948051948          0.027673316842694723
545.6896551724137         0.02155796318556921
543.3476394849785         0.01728771226764145
541.025641025641          0.014221928538384575
538.7234042553191         0.011969900993426635
536.4406779661016         0.010285099154402358
534.1772151898733         0.009007196149110844
531.9327731092436         0.00802919756789384
529.7071129707113         0.007278188848353641
527.4999999999999         0.00670372296688494
