791.2499999999999         0.14396410450519842
786.3354037267079         0.13878478265222288
781.4814814814814         0.13464475352139196
776.6871165644171         0.13145808116140836
771.951219512195          0.1291595752719005
767.2727272727273         0.1277027711091056
762.6506024096384         0.1270584788257762
758.0838323353291         0.1272138691978724
753.5714285714284         0.128172072582245
749.1124260355028         0.12995228077839982
744.705882352941          0.13259035551683426
740.3508771929824         0.13613996131773512
736.0465116279069         0.14067425313960574
731.7919075144507         0.1462881586501891
727.5862068965516         0.15310129787884663
723.4285714285713         0.1612615739294499
719.3181818181816         0.1709494380191005
715.2542372881354         0.18238276498869924
711.2359550561796         0.19582214694433145
707.262569832402          0.21157618454367377
703.3333333333333         0.23000597071866202
699.4475138121546         0.25152734102719104
695.6043956043954         0.27660850957649263
691.8032786885245         0.3057593232876469
688.0434782608695         0.33950652237553447
684.3243243243243         0.378347283816543
680.6451612903226         0.422671649356205
677.0053475935828         0.472644850028559
673.4042553191488         0.5280460445599804
669.8412698412698         0.5880747034119361
666.315789473684          0.6511627605557629
662.8272251308899         0.7148659143408701
659.3749999999999         0.7759329649134402
655.9585492227978         0.8306347848212658
652.5773195876288         0.8753471426129017
649.2307692307692         0.907243626966424
645.9183673469387         0.9248519700842449
642.6395939086294         0.9282548946473062
639.3939393939393         0.9188794840320783
636.180904522613          0.8990056504662216
632.9999999999999         0.8712105662974075
629.8507462686566         0.8379251210712514
626.7326732673266         0.8011762317188195
623.6453201970443         0.7625012265471635
620.5882352941176         0.722979388463016
617.560975609756          0.6833229820282954
614.5631067961165         0.6439850168312857
611.5942028985506         0.6052582739720695
608.6538461538461         0.5673532998702363
605.7416267942583         0.5304514482267437
602.8571428571428         0.494734016819991
599.9999999999999         0.4603914789374021
597.1698113207547         0.427618485976249
594.3661971830985         0.3966009099722964
591.5887850467288         0.3675007313586881
588.8372093023255         0.34044323077726185
586.1111111111111         0.3155091102865133
583.4101382488478         0.29273234495951417
580.7339449541283         0.27210315622488035
578.0821917808219         0.25357469464198445
575.4545454545454         0.23707179409195
572.8506787330316         0.22250034549082087
570.2702702702702         0.20975623323362796
567.7130044843049         0.19873321454571466
565.1785714285713         0.18932949838657134
562.6666666666666         0.18145305485172694
560.1769911504424         0.17502585785019328
557.7092511013215         0.169987353621724
555.2631578947368         0.16629748112415946
552.8384279475981         0.16393956934657486
550.4347826086956         0.16292341441617927
548.051948051948          0.16328879724289866
545.6896551724137         0.16510962470124765
543.3476394849785         0.168498720689595
541.025641025641          0.17361296469824758
538.7234042553191         0.18065778842325972
536.4406779661016         0.18988863761653968
534.1772151898733         0.20160423306151162
531.9327731092436         0.21612123174828876
529.7071129707113         0.23371073056576067
527.4999999999999         0.25446320695884306
