791.2499999999999         0.03204308334443394
786.3354037267079         0.03222786920030992
781.4814814814814         0.032508961120435026
776.6871165644171         0.032882077384469466
771.951219512195          0.03334415474550073
767.2727272727273         0.03389333924156814
762.6506024096384         0.03452902404957384
758.0838323353291         0.03525192963711401
753.5714285714284         0.03606422226157616
749.1124260355028         0.03696966778901987
744.705882352941          0.037973819073066746
740.3508771929824         0.03908423691360542
736.0465116279069         0.040310747018516446
731.7919075144507         0.0416657384750261
727.5862068965516         0.043164513019943916
723.4285714285713         0.04482569888997917
719.3181818181816         0.04667174828326617
715.2542372881354         0.04872954359988376
711.2359550561796         0.05103114491794707
707.262569832402          0.05361472004371038
703.3333333333333         0.05652570961976757
699.4475138121546         0.059818294133664934
695.6043956043954         0.06355724853884005
691.8032786885245         0.06782029532384475
688.0434782608695         0.07270110056185838
684.3243243243243         0.07831310278927091
680.6451612903226         0.08479442544058903
677.0053475935828         0.092314204904436
673.4042553191488         0.1010807736499558
669.8412698412698         0.111352276405206
666.315789473684          0.12345046825202734
662.8272251308899         0.13777863535075607
659.3749999999999         0.15484474714949092
655.9585492227978         0.17529096766902577
652.5773195876288         0.19993020887481114
649.2307692307692         0.22978876416351054
645.9183673469387         0.2661495573837442
642.6395939086294         0.3105796201329624
639.3939393939393         0.36490090710281814
636.180904522613          0.4310128653581793
632.9999999999999         0.5103827954823196
629.8507462686566         0.6028932839838358
626.7326732673266         0.7047031310621106
623.6453201970443         0.8052985912758173
620.5882352941176         0.8857501541896192
617.560975609756          0.9227091172051013
614.5631067961165         0.9005621543389075
611.5942028985506         0.8232836461133248
608.6538461538461         0.7124027063547856
605.7416267942583         0.5929655109690037
602.8571428571428         0.4823081102321867
599.9999999999999         0.38811589702825355
597.1698113207547         0.3115744072886135
594.3661971830985         0.2508185572536382
591.5887850467288         0.20306725854318006
588.8372093023255         0.1656120218515666
586.1111111111111         0.1361602596428794
583.4101382488478         0.11288776007183625
580.7339449541283         0.09438432496019104
578.0821917808219         0.07957340884443918
575.4545454545454         0.06763630119861852
572.8506787330316         0.057949728919767296
570.2702702702702         0.050037428601036216
567.7130044843049         0.04353357641998889
565.1785714285713         0.038155506861608714
562.6666666666666         0.03368344312268447
560.1769911504424         0.02994542914782768
557.7092511013215         0.026806093224718313
555.2631578947368         0.024158230135738628
552.8384279475981         0.021916460813348047
550.4347826086956         0.020012429346903508
548.051948051948          0.018391143453682136
545.6896551724137         0.017008170381244175
543.3476394849785         0.015827476743679916
541.025641025641          0.014819756245392834
538.7234042553191         0.01396112958228414
536.4406779661016         0.013232130306714638
534.1772151898733         0.0126169121495945
531.9327731092436         0.012102629385502337
529.7071129707113         0.011678953862575258
527.4999999999999         0.011337701419878965
