791.2499999999999         0.35236843975517096
786.3354037267079         0.28478891612007434
781.4814814814814         0.23050108580893486
776.6871165644171         0.18751817937946083
771.951219512195          0.1536848447431051
767.2727272727273         0.1270596413697872
762.6506024096384         0.10603764585861394
758.0838323353291         0.08934955497199185
753.5714285714284         0.07601429831880818
749.1124260355028         0.06528183257982656
744.705882352941          0.056580895234705816
740.3508771929824         0.04947612921606163
736.0465116279069         0.043634662649692256
731.7919075144507         0.038800738282958463
727.5862068965516         0.03477670687012016
723.4285714285713         0.03140886811883102
719.3181818181816         0.028576933801957673
715.2542372881354         0.02618617231928049
711.2359550561796         0.02416153155902276
707.262569832402          0.022443221716102246
703.3333333333333         0.02098337844018672
699.4475138121546         0.019743528858444763
695.6043956043954         0.018692657562007314
691.8032786885245         0.01780572382608527
688.0434782608695         0.017062520711334333
684.3243243243243         0.01644679538694957
680.6451612903226         0.015945571021538544
677.0053475935828         0.015548626070906723
673.4042553191488         0.015248098310261915
669.8412698412698         0.015038189637240481
666.315789473684          0.014914954328930113
662.8272251308899         0.014876158673613383
659.3749999999999         0.014921204170496919
655.9585492227978         0.015051110153571272
652.5773195876288         0.015268555042857604
649.2307692307692         0.015577978719917894
645.9183673469387         0.015985752021864492
642.6395939086294         0.016500423326983944
639.3939393939393         0.017133056991356917
636.180904522613          0.017897684396996436
632.9999999999999         0.01881189611888791
629.8507462686566         0.01989761391959402
626.7326732673266         0.021182094895687807
623.6453201970443         0.022699238433272487
620.5882352941176         0.024491291445260757
617.560975609756          0.026611081018201525
614.5631067961165         0.029124949158627275
611.5942028985506         0.032116625589633
608.6538461538461         0.03569235572370102
605.7416267942583         0.03998770555939613
602.8571428571428         0.04517659314665549
599.9999999999999         0.051483236255282686
597.1698113207547         0.05919781913322593
594.3661971830985         0.06869666507857052
591.5887850467288         0.08046731394529885
588.8372093023255         0.09513761424310935
586.1111111111111         0.11350466087659604
583.4101382488478         0.13655209882896427
580.7339449541283         0.1654296753544689
578.0821917808219         0.20134335565855913
575.4545454545454         0.24526961213834228
572.8506787330316         0.2973883141547825
570.2702702702702         0.3562036531969014
567.7130044843049         0.4176230088626513
565.1785714285713         0.4747857619208562
562.6666666666666         0.5196169579868735
560.1769911504424         0.5459761180820758
557.7092511013215         0.552355796906377
555.2631578947368         0.5419696974303518
552.8384279475981         0.5204924902546701
550.4347826086956         0.4935289524945142
548.051948051948          0.4652397163430887
545.6896551724137         0.43812545463869756
543.3476394849785         0.4133767040945621
541.025641025641          0.3913250736020757
538.7234042553191         0.3718026635945521
536.4406779661016         0.35438042061114033
534.1772151898733         0.33851466478417486
531.9327731092436         0.32363810126001724
529.7071129707113         0.3092220545096001
527.4999999999999         0.2948245366445535
