791.2499999999999         0.11569743399424555
786.3354037267079         0.08980654816274534
781.4814814814814         0.07183077708679161
776.6871165644171         0.05902674025061273
771.951219512195          0.049686861487891226
767.2727272727273         0.04273261879556466
762.6506024096384         0.03746742377500344
758.0838323353291         0.033430602099507815
753.5714285714284         0.030310684322834073
749.1124260355028         0.027893040723937848
744.705882352941          0.02602760273806681
740.3508771929824         0.0246085643897285
736.0465116279069         0.02356140470524609
731.7919075144507         0.022834511945700794
727.5862068965516         0.022393800978619482
723.4285714285713         0.02221936821525319
719.3181818181816         0.022303628683505154
715.2542372881354         0.022650642243908958
711.2359550561796         0.023276529768960722
707.262569832402          0.024211052522907176
703.3333333333333         0.02550062010063459
699.4475138121546         0.027213252746812484
695.6043956043954         0.029446426414837384
691.8032786885245         0.032339402404628445
688.0434782608695         0.03609283097846107
684.3243243243243         0.04100060222093162
680.6451612903226         0.0475030946949081
677.0053475935828         0.05627928821396056
673.4042553191488         0.06841245451838243
669.8412698412698         0.08570137676259022
666.315789473684          0.111272090517476
662.8272251308899         0.150831002489452
659.3749999999999         0.21527461507986978
655.9585492227978         0.325664666025881
652.5773195876288         0.5173070121026702
649.2307692307692         0.8011557343035584
645.9183673469387         0.9801510000179727
642.6395939086294         0.8048736143941942
639.3939393939393         0.5270437630729247
636.180904522613          0.33806339439433186
632.9999999999999         0.2278569740380639
629.8507462686566         0.16269422219265076
626.7326732673266         0.12221056910466724
623.6453201970443         0.09574860113205555
620.5882352941176         0.07766875025619248
617.560975609756          0.0648522778837393
614.5631067961165         0.0554886978013719
611.5942028985506         0.04847823282548479
608.6538461538461         0.04312529924835285
605.7416267942583         0.03897407536499831
602.8571428571428         0.035716402445638916
599.9999999999999         0.033138111068983574
597.1698113207547         0.03108659541186181
594.3661971830985         0.02945057601507302
591.5887850467288         0.02814709084822891
588.8372093023255         0.02711290528312762
586.1111111111111         0.02629870138560407
583.4101382488478         0.025665064994398197
580.7339449541283         0.02517967108418803
578.0821917808219         0.024815296099992445
575.4545454545454         0.02454842530848536
572.8506787330316         0.024358308963833782
570.2702702702702         0.02422637256287905
567.7130044843049         0.024135914541259972
565.1785714285713         0.024072036148314706
562.6666666666666         0.024021748116475998
560.1769911504424         0.02397419229067746
557.7092511013215         0.02392090928499662
555.2631578947368         0.02385608113786003
552.8384279475981         0.023776685140644988
550.4347826086956         0.023682512955670226
548.051948051948          0.023576035582870178
545.6896551724137         0.02346212428495182
543.3476394849785         0.02334766353723484
541.025641025641          0.02324110883420143
538.7234042553191         0.023152047144666663
536.4406779661016         0.02309081186211785
534.1772151898733         0.02306819081687026
531.9327731092436         0.023095249922720825
529.7071129707113         0.02318328043022132
527.4999999999999         0.023343867209465574
