791.2499999999999         0.15978673017751097
786.3354037267079         0.13549225157663375
781.4814814814814         0.11609810516619058
776.6871165644171         0.10051931769836726
771.951219512195          0.08791413573321652
767.2727272727273         0.07763787285498021
762.6506024096384         0.06919857958022359
758.0838323353291         0.062220305669971374
753.5714285714284         0.05641450835430395
749.1124260355028         0.05155844735354643
744.705882352941          0.04747907695728531
740.3508771929824         0.04404109414055118
736.0465116279069         0.04113807043971206
731.7919075144507         0.03868585454574763
727.5862068965516         0.036617644991924984
723.4285714285713         0.034880294846157754
719.3181818181816         0.033431530683254836
715.2542372881354         0.03223785590815682
711.2359550561796         0.03127297222516614
707.262569832402          0.030516599410214486
703.3333333333333         0.02995360758318737
699.4475138121546         0.02957340160809562
695.6043956043954         0.02936951680780218
691.8032786885245         0.029339400930083134
688.0434782608695         0.02948437087641806
684.3243243243243         0.029809745514283798
680.6451612903226         0.030325169310903257
677.0053475935828         0.03104515708812219
673.4042553191488         0.03198990984916644
669.8412698412698         0.03318647806953057
666.315789473684          0.03467038606035976
662.8272251308899         0.03648788512147614
659.3749999999999         0.0386990838659158
655.9585492227978         0.041382326922091525
652.5773195876288         0.044640383899764664
649.2307692307692         0.048609312139324415
645.9183673469387         0.053471342901055124
642.6395939086294         0.059473938855471906
639.3939393939393         0.06695850524188716
636.180904522613          0.07640450520021956
632.9999999999999         0.08849863303650647
629.8507462686566         0.10424543965696866
626.7326732673266         0.12514724680467315
623.6453201970443         0.15349929649709418
620.5882352941176         0.19286825483834444
617.560975609756          0.24881759296945913
614.5631067961165         0.32975056762056415
611.5942028985506         0.44669419947871114
608.6538461538461         0.6069698851258497
605.7416267942583         0.789515443710679
602.8571428571428         0.9088317005170831
599.9999999999999         0.8695348109598868
597.1698113207547         0.7071809409920847
594.3661971830985         0.5297686219849206
591.5887850467288         0.39017760199731966
588.8372093023255         0.2915965754958991
586.1111111111111         0.22353036903086812
583.4101382488478         0.1760591031936599
580.7339449541283         0.14224668528683113
578.0821917808219         0.1175919832748427
575.4545454545454         0.09920652233892445
572.8506787330316         0.0852155167922038
570.2702702702702         0.07437817233727143
567.7130044843049         0.06585520850121906
565.1785714285713         0.05906655728952745
562.6666666666666         0.05360310586725444
560.1769911504424         0.04917094266723115
557.7092511013215         0.04555542545194832
555.2631578947368         0.0425975592281815
552.8384279475981         0.04017817075235847
550.4347826086956         0.038207120502434806
548.051948051948          0.03661583412896205
545.6896551724137         0.03535206418152638
543.3476394849785         0.03437617976329374
541.025641025641          0.033658524360877067
538.7234042553191         0.03317753724111841
536.4406779661016         0.032918435120235304
534.1772151898733         0.032872318568002386
531.9327731092436         0.03303561429644326
529.7071129707113         0.03340979798978968
527.4999999999999         0.03400136782680188
