791.2499999999999         0.027100374058055383
786.3354037267079         0.027471075309588276
781.4814814814814         0.028078044695214393
776.6871165644171         0.028938917260438023
771.951219512195          0.03007668343433085
767.2727272727273         0.03151912106838969
762.6506024096384         0.03329721832708982
758.0838323353291         0.03544166813435729
753.5714285714284         0.0379759554705787
749.1124260355028         0.040903883800879205
744.705882352941          0.04418897023617674
740.3508771929824         0.04772408254371061
736.0465116279069         0.0512942815897379
731.7919075144507         0.05454693614941512
727.5862068965516         0.056999821106170134
723.4285714285713         0.058125743673073924
719.3181818181816         0.05752162906150866
715.2542372881354         0.0550920252723542
711.2359550561796         0.051120029836090146
707.262569832402          0.04615967513023793
703.3333333333333         0.04082515857862983
699.4475138121546         0.035614703371426956
695.6043956043954         0.030840454343350632
691.8032786885245         0.026645369692823516
688.0434782608695         0.023055776520362295
684.3243243243243         0.020032859274190174
680.6451612903226         0.017509320528925718
677.0053475935828         0.01541104044232167
673.4042553191488         0.01366801586274911
669.8412698412698         0.0122188572218062
666.315789473684          0.011011860897269063
662.8272251308899         0.010004472318625963
659.3749999999999         0.009162125929275514
655.9585492227978         0.008456952746636102
652.5773195876288         0.00786657492323242
649.2307692307692         0.007373067851651933
645.9183673469387         0.00696210422919514
642.6395939086294         0.00662226619570851
639.3939393939393         0.006344502046162015
636.180904522613          0.006121703072711849
632.9999999999999         0.005948378764865159
629.8507462686566         0.005820412474071794
626.7326732673266         0.005734883659639783
623.6453201970443         0.005689946578300636
620.5882352941176         0.005684758690291997
617.560975609756          0.005719455221616689
614.5631067961165         0.005795169422255667
611.5942028985506         0.0059141013336010476
608.6538461538461         0.0060796416366080686
605.7416267942583         0.006296561811160348
602.8571428571428         0.006571287978874033
599.9999999999999         0.006912284273653684
597.1698113207547         0.0073305836614415195
594.3661971830985         0.007840521775692215
591.5887850467288         0.008460755629354744
588.8372093023255         0.009215688920727228
586.1111111111111         0.010137487010942137
583.4101382488478         0.011268960499474085
580.7339449541283         0.012667748066189437
578.0821917808219         0.014412472280979013
575.4545454545454         0.01661193454217784
572.8506787330316         0.01941905016243912
570.2702702702702         0.0230522400354195
567.7130044843049         0.02782855614717471
565.1785714285713         0.034214959391312964
562.6666666666666         0.04290610256718334
560.1769911504424         0.054934510941699176
557.7092511013215         0.07179598158924659
555.2631578947368         0.09547655970294855
552.8384279475981         0.12796577225830089
550.4347826086956         0.16922398676829148
548.051948051948          0.21267931215984515
545.6896551724137         0.24249961646121904
543.3476394849785         0.24414880628149618
541.025641025641          0.2206649293731753
538.7234042553191         0.18727458226421762
536.4406779661016         0.1556211899779111
534.1772151898733         0.12992990152147418
531.9327731092436         0.11036422959319221
529.7071129707113         0.09584046148456063
527.4999999999999         0.0851917593210083
