791.2499999999999         0.8641459845878242
786.3354037267079         0.9778324140711254
781.4814814814814         0.9873734044740956
776.6871165644171         0.9133959001164328
771.951219512195          0.8093647793682205
767.2727272727273         0.7122341226909051
762.6506024096384         0.6351788858611577
758.0838323353291         0.5787070580177212
753.5714285714284         0.538832850421186
749.1124260355028         0.5102261881695825
744.705882352941          0.48686004441030495
740.3508771929824         0.4621130907000031
736.0465116279069         0.4296745947592757
731.7919075144507         0.38584087996472416
727.5862068965516         0.331896000607353
723.4285714285713         0.27379280088297714
719.3181818181816         0.21864981483620957
715.2542372881354         0.17127428630673266
711.2359550561796         0.1332510977136775
707.262569832402          0.1039540087017904
703.3333333333333         0.08184061531182495
699.4475138121546         0.06526771810276813
695.6043956043954         0.05283211267157778
691.8032786885245         0.04344538356869452
688.0434782608695         0.03630108582183733
684.3243243243243         0.030813999971208685
680.6451612903226         0.02656254597399479
677.0053475935828         0.023243006875314352
673.4042553191488         0.020635723396675083
669.8412698412698         0.01858097040664566
666.315789473684          0.016962011540777016
662.8272251308899         0.015693275040583175
659.3749999999999         0.014712128801543357
655.9585492227978         0.013973183473737192
652.5773195876288         0.013444392055608127
649.2307692307692         0.013104460238205239
645.9183673469387         0.012941260193479128
642.6395939086294         0.012951076275619826
639.3939393939393         0.013138626014618713
636.180904522613          0.013517915103395704
632.9999999999999         0.014114126271177684
629.8507462686566         0.014966946670414712
626.7326732673266         0.016136071540868904
623.6453201970443         0.017710205789976216
620.5882352941176         0.0198219646979206
617.560975609756          0.022673164726289937
614.5631067961165         0.026579225570234802
611.5942028985506         0.032050369262375304
608.6538461538461         0.039947201012743704
605.7416267942583         0.05179429720078175
602.8571428571428         0.07044399971113077
599.9999999999999         0.10152130338331804
597.1698113207547         0.15635247243302672
594.3661971830985         0.2546304478608288
591.5887850467288         0.3991422292678224
588.8372093023255         0.4639512099434188
586.1111111111111         0.34885551754646754
583.4101382488478         0.21773582270851155
580.7339449541283         0.1378348387163961
578.0821917808219         0.09306592767873999
575.4545454545454         0.06698236625882767
572.8506787330316         0.05087845127575469
570.2702702702702         0.04039661520488989
567.7130044843049         0.033272339352379464
565.1785714285713         0.028263441727398354
562.6666666666666         0.024651967755808933
560.1769911504424         0.022003452249433505
557.7092511013215         0.020044611985214584
555.2631578947368         0.018598073956879402
552.8384279475981         0.01754594507446741
550.4347826086956         0.016808659135995174
548.051948051948          0.016332266908804138
545.6896551724137         0.016080573266457395
543.3476394849785         0.016030150906794327
541.025641025641          0.016167107781244625
538.7234042553191         0.016484941388489074
536.4406779661016         0.0169830637461223
534.1772151898733         0.01766571950543889
531.9327731092436         0.01854109538581119
529.7071129707113         0.019620459916178216
527.4999999999999         0.020917197429994552
