791.2499999999999         0.009464900022535885
786.3354037267079         0.01084642729559744
781.4814814814814         0.012656547582614738
776.6871165644171         0.01506625023967006
771.951219512195          0.018333783651754216
767.2727272727273         0.02285427791286484
762.6506024096384         0.029232041891172005
758.0838323353291         0.038359414024251276
753.5714285714284         0.05138866172490287
749.1124260355028         0.06915651705973037
744.705882352941          0.09004477777227808
740.3508771929824         0.10653024947589962
736.0465116279069         0.10808677583075546
731.7919075144507         0.09427125648143479
727.5862068965516         0.07503875795299544
723.4285714285713         0.05797297342655437
719.3181818181816         0.04505833234248145
715.2542372881354         0.03576838916325636
711.2359550561796         0.029128719813132427
707.262569832402          0.024332991454812464
703.3333333333333         0.02081419124449706
699.4475138121546         0.018191208509569966
695.6043956043954         0.01620931088212696
691.8032786885245         0.01469656168005683
688.0434782608695         0.013535073426404613
684.3243243243243         0.012642587251053633
680.6451612903226         0.011960681648383754
677.0053475935828         0.011447141265358372
673.4042553191488         0.011070934786829004
669.8412698412698         0.0108088445914321
666.315789473684          0.010643157525782257
662.8272251308899         0.010560050672304828
659.3749999999999         0.010548444722631199
655.9585492227978         0.010599184924953072
652.5773195876288         0.01070446572701031
649.2307692307692         0.010857451570409406
645.9183673469387         0.011052068852701553
642.6395939086294         0.011282955844939864
639.3939393939393         0.011545559975264444
636.180904522613          0.011836367104473241
632.9999999999999         0.012153238157072076
629.8507462686566         0.012495819228615227
626.7326732673266         0.01286598747363795
623.6453201970443         0.01326830138080863
620.5882352941176         0.013710442592707333
617.560975609756          0.014203665853021217
614.5631067961165         0.014763309877676822
611.5942028985506         0.015409460509586156
608.6538461538461         0.01616789640925116
605.7416267942583         0.017071488897683583
602.8571428571428         0.01816227746985491
599.9999999999999         0.019494508166070762
597.1698113207547         0.021139004954895742
594.3661971830985         0.023189323331390056
591.5887850467288         0.025770121071377147
588.8372093023255         0.029047793568574242
586.1111111111111         0.03324187139093179
583.4101382488478         0.03863090016072174
580.7339449541283         0.04553365073644668
578.0821917808219         0.05421655985269877
575.4545454545454         0.06462669220052286
572.8506787330316         0.07583390506468632
570.2702702702702         0.08535679889611777
567.7130044843049         0.08945784703514217
565.1785714285713         0.08564956096601875
562.6666666666666         0.07528539603398553
560.1769911504424         0.062313018630635375
557.7092511013215         0.050033754285751145
555.2631578947368         0.03987454305573762
552.8384279475981         0.03198116481540249
550.4347826086956         0.025998918711609115
548.051948051948          0.021489221537929468
545.6896551724137         0.018075562023873344
543.3476394849785         0.015470542669281773
541.025641025641          0.013464539252820585
538.7234042553191         0.011907069031494428
536.4406779661016         0.010690369751836005
534.1772151898733         0.009737004417097673
531.9327731092436         0.008991039936715255
529.7071129707113         0.008411917974970505
527.4999999999999         0.007970236095633071
