791.2499999999999         0.17997709602420078
786.3354037267079         0.21483954609033745
781.4814814814814         0.2621546143316006
776.6871165644171         0.32651663475749626
771.951219512195          0.41312753135264746
767.2727272727273         0.5250926697856872
762.6506024096384         0.6559265031596069
758.0838323353291         0.7777829980558509
753.5714285714284         0.8420875217362501
749.1124260355028         0.8160356764309973
744.705882352941          0.718553926059103
740.3508771929824         0.5964506791298394
736.0465116279069         0.4831229225365327
731.7919075144507         0.39031928568996627
727.5862068965516         0.317918003995671
723.4285714285713         0.2620705837565917
719.3181818181816         0.21870889915827585
715.2542372881354         0.18454413970327427
711.2359550561796         0.1571494297254572
707.262569832402          0.13479792272907598
703.3333333333333         0.1162777785078636
699.4475138121546         0.1007402707734062
695.6043956043954         0.08758650556237137
691.8032786885245         0.07638614255557521
688.0434782608695         0.06682059366656927
684.3243243243243         0.058644544559108114
680.6451612903226         0.051660944780010064
677.0053475935828         0.04570555144160129
673.4042553191488         0.0406378737263946
669.8412698412698         0.03633608983524891
666.315789473684          0.03269420401414492
662.8272251308899         0.029620323029919987
659.3749999999999         0.027035408605329603
655.9585492227978         0.02487219110017658
652.5773195876288         0.023074129123961288
649.2307692307692         0.021594404382462535
645.9183673469387         0.020394986019577226
642.6395939086294         0.019445811828812085
639.3939393939393         0.01872413378266289
636.180904522613          0.01821407377144335
632.9999999999999         0.017906438919169067
629.8507462686566         0.017798858847081666
626.7326732673266         0.017896334363015482
623.6453201970443         0.01821233515576562
620.5882352941176         0.018770665255616107
617.560975609756          0.019608451361557606
614.5631067961165         0.020780841744277096
611.5942028985506         0.022368410712837836
608.6538461538461         0.024488999756394993
605.7416267942583         0.027317105958030854
602.8571428571428         0.03111662023097411
599.9999999999999         0.03629821417046504
597.1698113207547         0.04352447767371713
594.3661971830985         0.05391271773939267
591.5887850467288         0.06945001443568981
588.8372093023255         0.09390090089276376
586.1111111111111         0.1349311807197429
583.4101382488478         0.20929653239479606
580.7339449541283         0.35417452327737986
578.0821917808219         0.6256785753203788
575.4545454545454         0.8871842544000657
572.8506787330316         0.7101122077060587
570.2702702702702         0.414501127443507
567.7130044843049         0.24479721591549908
565.1785714285713         0.15757212432480014
562.6666666666666         0.10994293851380058
560.1769911504424         0.08186963688105708
557.7092511013215         0.06422041977450964
555.2631578947368         0.05255889527277112
552.8384279475981         0.044569952435603466
550.4347826086956         0.038967128045559796
548.051948051948          0.034998303867218264
545.6896551724137         0.03220702484071753
543.3476394849785         0.030310508520340788
541.025641025641          0.029134512584573457
538.7234042553191         0.02857777307129124
536.4406779661016         0.028593012413443298
534.1772151898733         0.029178250153891853
531.9327731092436         0.03037564016369738
529.7071129707113         0.03227717896393746
527.4999999999999         0.03503828467659726
