791.2499999999999         0.10125638469479481
786.3354037267079         0.1045692194350586
781.4814814814814         0.1084912281113389
776.6871165644171         0.11316387360879311
771.951219512195          0.11875984578865469
767.2727272727273         0.12549251146799212
762.6506024096384         0.1336288757391888
758.0838323353291         0.14350721913749262
753.5714285714284         0.15556091284137014
749.1124260355028         0.1703501925103485
744.705882352941          0.18860357620686205
740.3508771929824         0.21126931398145535
736.0465116279069         0.2395727141204091
731.7919075144507         0.27506266261389517
727.5862068965516         0.3195999736943169
723.4285714285713         0.37517270177720774
719.3181818181816         0.44329725193907005
715.2542372881354         0.5236041892916542
711.2359550561796         0.6112705524928007
707.262569832402          0.6940302760363292
703.3333333333333         0.7522605202949273
699.4475138121546         0.7670043275720118
695.6043956043954         0.7330481394743043
691.8032786885245         0.6631696717128193
688.0434782608695         0.5780881257169717
684.3243243243243         0.49447989352605937
680.6451612903226         0.42097030190471074
677.0053475935828         0.36005418683487067
673.4042553191488         0.3110898254507666
669.8412698412698         0.27231423336013244
666.315789473684          0.24182674103541807
662.8272251308899         0.21796241474929964
659.3749999999999         0.19938209273132176
655.9585492227978         0.18505293825351238
652.5773195876288         0.17419717727229578
649.2307692307692         0.16623926486725635
645.9183673469387         0.1607610802376329
642.6395939086294         0.15746656683398277
639.3939393939393         0.15615430724242937
636.180904522613          0.15669558325569385
632.9999999999999         0.1590151069193866
629.8507462686566         0.16307122344547414
626.7326732673266         0.16883177303882224
623.6453201970443         0.17624104586062747
620.5882352941176         0.18517293154179115
617.560975609756          0.19536687924708554
614.5631067961165         0.20634935701577087
611.5942028985506         0.21735764695346033
608.6538461538461         0.22730587768043622
605.7416267942583         0.23485496718944213
602.8571428571428         0.23863954322445333
599.9999999999999         0.23763225512788227
597.1698113207547         0.23150484343324995
594.3661971830985         0.2207804383901532
591.5887850467288         0.20666864549163483
588.8372093023255         0.19067839258603425
586.1111111111111         0.17422359143272267
583.4101382488478         0.1583822672056579
580.7339449541283         0.14383555946606874
578.0821917808219         0.13092436296450968
575.4545454545454         0.11974899545181307
572.8506787330316         0.11026418525163498
570.2702702702702         0.10235070733843842
567.7130044843049         0.0958623280490834
565.1785714285713         0.09065345124378751
562.6666666666666         0.08659379593763783
560.1769911504424         0.08357519562084219
557.7092511013215         0.08151399959639799
555.2631578947368         0.08035122039157395
552.8384279475981         0.08005161288090264
550.4347826086956         0.08060220362778617
548.051948051948          0.08201028297555273
545.6896551724137         0.08430039948574085
543.3476394849785         0.0875093380853123
541.025641025641          0.09167731977606093
538.7234042553191         0.09683269759736961
536.4406779661016         0.10296641752211051
534.1772151898733         0.10999218375941505
531.9327731092436         0.11769043038286775
529.7071129707113         0.1256421695114766
527.4999999999999         0.13317606901810458
