791.2499999999999         0.03091059751111265
786.3354037267079         0.028298810766282306
781.4814814814814         0.02606821476892832
776.6871165644171         0.024173980023042194
771.951219512195          0.022574535086257508
767.2727272727273         0.0212330246839046
762.6506024096384         0.0201177701079035
758.0838323353291         0.019202190206419455
753.5714285714284         0.018464466656454757
749.1124260355028         0.017887120572923635
744.705882352941          0.017456594308357283
740.3508771929824         0.01716288870550755
736.0465116279069         0.01699928158226762
731.7919075144507         0.016962140698530182
727.5862068965516         0.017050839324335158
723.4285714285713         0.01726778206861931
719.3181818181816         0.017618551332751066
715.2542372881354         0.018112189933056338
711.2359550561796         0.01876164296911065
707.262569832402          0.01958439221040366
703.3333333333333         0.020603329824319696
699.4475138121546         0.021847936247392574
695.6043956043954         0.023355850894976007
691.8032786885245         0.02517495612979288
688.0434782608695         0.027366136751535777
684.3243243243243         0.030006931565910465
680.6451612903226         0.033196361819704104
677.0053475935828         0.0370613018005883
673.4042553191488         0.04176483974465845
669.8412698412698         0.04751713286755335
666.315789473684          0.05458921633541183
662.8272251308899         0.06332992004414421
659.3749999999999         0.07418513938462297
655.9585492227978         0.0877165314513954
652.5773195876288         0.10461207931880767
649.2307692307692         0.12567209520400915
645.9183673469387         0.15173942180795047
642.6395939086294         0.18352350680510998
639.3939393939393         0.22125869235225987
636.180904522613          0.26417840910759227
632.9999999999999         0.30994429395250944
629.8507462686566         0.3544448600009922
626.7326732673266         0.3925171847965646
623.6453201970443         0.4196712328032988
620.5882352941176         0.4338853848002573
617.560975609756          0.43617298448400116
614.5631067961165         0.4296410747340518
611.5942028985506         0.41797199244310485
608.6538461538461         0.40431578936584617
605.7416267942583         0.3908746064116173
602.8571428571428         0.3789542541686127
599.9999999999999         0.36918896950250785
597.1698113207547         0.36176630314555464
594.3661971830985         0.3565922914119974
591.5887850467288         0.35339484004553673
588.8372093023255         0.35178245332881647
586.1111111111111         0.3512777037120502
583.4101382488478         0.35134190728983933
580.7339449541283         0.351403358902857
578.0821917808219         0.3508965103683158
575.4545454545454         0.34931310417273653
572.8506787330316         0.3462589010655422
570.2702702702702         0.3415034224091197
567.7130044843049         0.3350082817027269
565.1785714285713         0.3269242352870686
562.6666666666666         0.3175566822163938
560.1769911504424         0.3073093720608906
557.7092511013215         0.29662159533509386
555.2631578947368         0.28591316662271316
552.8384279475981         0.2755458632295323
550.4347826086956         0.265803251984125
548.051948051948          0.2568858907604728
545.6896551724137         0.24891671094031576
543.3476394849785         0.2419514531863568
541.025641025641          0.23599028037867226
538.7234042553191         0.2309882322000665
536.4406779661016         0.22686352407181892
534.1772151898733         0.22350367684650674
531.9327731092436         0.22077012150991154
529.7071129707113         0.21850232940535386
527.4999999999999         0.2165227131917252
