791.2499999999999         0.016160077996586985
786.3354037267079         0.016365494322454984
781.4814814814814         0.016685145931766163
776.6871165644171         0.01712108435769017
771.951219512195          0.01767750408448528
767.2727272727273         0.018360893225572734
762.6506024096384         0.019180376699743318
758.0838323353291         0.020148325286197456
753.5714285714284         0.021281342078711487
749.1124260355028         0.02260179194344146
744.705882352941          0.024140120512415406
740.3508771929824         0.025938338124764617
736.0465116279069         0.028055262154257788
731.7919075144507         0.030574498956914883
727.5862068965516         0.03361686416584424
723.4285714285713         0.03736031410722215
719.3181818181816         0.0420731902273515
715.2542372881354         0.04817223920305531
711.2359550561796         0.056329244692477354
707.262569832402          0.06767886895683485
703.3333333333333         0.08425197369660663
699.4475138121546         0.10995088852876017
695.6043956043954         0.15293135588626833
691.8032786885245         0.2317853993110569
688.0434782608695         0.38980523252085086
684.3243243243243         0.6808198389873439
680.6451612903226         0.8095211173520525
677.0053475935828         0.4740837157709305
673.4042553191488         0.2289396734007439
669.8412698412698         0.12021974743323063
666.315789473684          0.06996704420540274
662.8272251308899         0.04416183066365729
659.3749999999999         0.029639107353706493
655.9585492227978         0.020855073255180167
652.5773195876288         0.015233603781718763
649.2307692307692         0.011470963527254472
645.9183673469387         0.008859233796464933
642.6395939086294         0.006991131209872866
639.3939393939393         0.005620834732369085
636.180904522613          0.004593898427433128
632.9999999999999         0.003809926808442853
629.8507462686566         0.0032017272479655324
626.7326732673266         0.002723178501765408
623.6453201970443         0.0023419159936489005
620.5882352941176         0.0020347823700158736
617.560975609756          0.001784919580848841
614.5631067961165         0.001579864647910724
611.5942028985506         0.0014102754761392282
608.6538461538461         0.0012690615792888174
605.7416267942583         0.001150780605096513
602.8571428571428         0.0010512127164922734
599.9999999999999         9.670560757490506E-4
597.1698113207547         8.957061135907899E-4
594.3661971830985         8.350936215244417E-4
591.5887850467288         7.835647074410051E-4
588.8372093023255         7.397909250178438E-4
586.1111111111111         7.027014138184088E-4
583.4101382488478         6.71431281111488E-4
580.7339449541283         6.452821043018703E-4
578.0821917808219         6.236915819925301E-4
575.4545454545454         6.062101732514702E-4
572.8506787330316         5.924831451227097E-4
570.2702702702702         5.822368691421552E-4
567.7130044843049         5.752685171041616E-4
565.1785714285713         5.714385379946247E-4
562.6666666666666         5.706654753391679E-4
560.1769911504424         5.729228239928816E-4
557.7092511013215         5.782377400170443E-4
555.2631578947368         5.866915162198505E-4
552.8384279475981         5.984218269119116E-4
550.4347826086956         6.136268351846529E-4
548.051948051948          6.32571351072679E-4
545.6896551724137         6.555953361733326E-4
543.3476394849785         6.831251776078827E-4
541.025641025641          7.156883113601365E-4
538.7234042553191         7.539319746288205E-4
536.4406779661016         7.986471256287439E-4
534.1772151898733         8.507989101411463E-4
531.9327731092436         9.115655086027966E-4
529.7071129707113         9.82387809891069E-4
527.4999999999999         0.0010650331908169507
