791.2499999999999         0.044315603135785364
786.3354037267079         0.04746444582013551
781.4814814814814         0.051247314045686075
776.6871165644171         0.05578533815150452
771.951219512195          0.06123137933750894
767.2727272727273         0.06777850340600508
762.6506024096384         0.07567080173999406
758.0838323353291         0.08521700948870188
753.5714285714284         0.09680723391708812
749.1124260355028         0.11093266447081446
744.705882352941          0.12820707998912734
740.3508771929824         0.14938675526978049
736.0465116279069         0.1753811428802291
731.7919075144507         0.20723935793929874
727.5862068965516         0.24608625938196638
723.4285714285713         0.29296837639778334
719.3181818181816         0.3485625648655319
715.2542372881354         0.4127211712964493
711.2359550561796         0.4839124704962338
707.262569832402          0.558783191305099
703.3333333333333         0.6322416741236278
699.4475138121546         0.698401530973737
695.6043956043954         0.75223728465071
691.8032786885245         0.791152995301347
688.0434782608695         0.8155605052542223
684.3243243243243         0.8282545229824646
680.6451612903226         0.8331602572546984
677.0053475935828         0.8341909697758239
673.4042553191488         0.8345821014211952
669.8412698412698         0.8366739524575862
666.315789473684          0.8419528585713282
662.8272251308899         0.8511784905583989
659.3749999999999         0.8644986179473104
655.9585492227978         0.8815157559654215
652.5773195876288         0.9013100833156173
649.2307692307692         0.9224476340268614
645.9183673469387         0.9430189374802217
642.6395939086294         0.9607594499631557
639.3939393939393         0.973289666805837
636.180904522613          0.978470281613289
632.9999999999999         0.974802357515126
629.8507462686566         0.9617470409770549
626.7326732673266         0.9398394771844827
623.6453201970443         0.910544982599999
620.5882352941176         0.8759136042308082
617.560975609756          0.8381628598760963
614.5631067961165         0.7993179667690505
611.5942028985506         0.7609818409777567
608.6538461538461         0.7242408402726271
605.7416267942583         0.6896711313278093
602.8571428571428         0.6574008850322447
599.9999999999999         0.6271938799027916
597.1698113207547         0.5985369456735162
594.3661971830985         0.5707284221695459
591.5887850467288         0.5429736126332539
588.8372093023255         0.5144944278551152
586.1111111111111         0.4846532911525308
583.4101382488478         0.45307722280059454
580.7339449541283         0.41975273976543714
578.0821917808219         0.3850564387549292
575.4545454545454         0.34969934322181023
572.8506787330316         0.31459364650747
570.2702702702702         0.28068211013054184
567.7130044843049         0.24878305930528938
565.1785714285713         0.21949075327863105
562.6666666666666         0.19314306716396482
560.1769911504424         0.16984369871236105
557.7092511013215         0.14951490186639044
555.2631578947368         0.13195831220218318
552.8384279475981         0.11690928783473789
550.4347826086956         0.10407839728682461
548.051948051948          0.09317938072838833
545.6896551724137         0.08394577559515758
543.3476394849785         0.07613924733187481
541.025641025641          0.06955244455613353
538.7234042553191         0.06400857690823779
536.4406779661016         0.05935925765131678
534.1772151898733         0.05548161156373093
531.9327731092436         0.05227525514100566
529.7071129707113         0.049659493829092946
527.4999999999999         0.04757091894577123
