791.2499999999999         0.20047441619798778
786.3354037267079         0.2238460866739337
781.4814814814814         0.252533894959956
776.6871165644171         0.28763433487558826
771.951219512195          0.3303568172836035
767.2727272727273         0.3818834515733365
762.6506024096384         0.4430756454959952
758.0838323353291         0.5139617170926067
753.5714285714284         0.5930007857868314
749.1124260355028         0.6763086364218652
744.705882352941          0.7573512554919813
740.3508771929824         0.8278107111571815
736.0465116279069         0.879890198010284
731.7919075144507         0.9091331659813244
727.5862068965516         0.9159773210709463
723.4285714285713         0.9050465351363672
719.3181818181816         0.8829417972169878
715.2542372881354         0.8560829073420708
711.2359550561796         0.8295146586394014
707.262569832402          0.8066553578184812
703.3333333333333         0.7895562881798331
699.4475138121546         0.779293051447159
695.6043956043954         0.7762907494078392
691.8032786885245         0.7805168949000476
688.0434782608695         0.7915357658449822
684.3243243243243         0.8084361735987214
680.6451612903226         0.8296538262433593
677.0053475935828         0.8527347779297847
673.4042553191488         0.8741448831951131
669.8412698412698         0.8893159235057921
666.315789473684          0.8931691803127236
662.8272251308899         0.8812376983092944
659.3749999999999         0.8511245755352002
655.9585492227978         0.8035789618654657
652.5773195876288         0.7424516462208487
649.2307692307692         0.673454447134649
645.9183673469387         0.6024432637364672
642.6395939086294         0.5341052164410114
639.3939393939393         0.47144109034645953
636.180904522613          0.4158939298773251
632.9999999999999         0.367773819455407
629.8507462686566         0.3267059867599728
626.7326732673266         0.29197762556110274
623.6453201970443         0.26276263826800406
620.5882352941176         0.23824824569673492
617.560975609756          0.21769601465381663
614.5631067961165         0.20046402481510053
611.5942028985506         0.18600827090277203
608.6538461538461         0.1738742648538892
605.7416267942583         0.16368495741913933
602.8571428571428         0.15512813597733202
599.9999999999999         0.14794476934231618
597.1698113207547         0.14191886832850642
594.3661971830985         0.1368689806446303
591.5887850467288         0.1326412358915174
588.8372093023255         0.1291037817044256
586.1111111111111         0.1261424379386681
583.4101382488478         0.12365740494867744
580.7339449541283         0.1215608744243224
578.0821917808219         0.1197753971219202
575.4545454545454         0.11823285805143252
572.8506787330316         0.11687389809677172
570.2702702702702         0.11564760724751373
567.7130044843049         0.11451130642918297
565.1785714285713         0.11343024022375571
562.6666666666666         0.11237702697527481
560.1769911504424         0.11133075670316896
557.7092511013215         0.1102756864737063
555.2631578947368         0.10919954906261167
552.8384279475981         0.10809155460502733
550.4347826086956         0.10694021973182413
548.051948051948          0.10573120254133002
545.6896551724137         0.1044453575249339
543.3476394849785         0.10305725696892656
541.025641025641          0.10153445572393141
538.7234042553191         0.09983779634141422
536.4406779661016         0.0979230388687715
534.1772151898733         0.09574401746453791
531.9327731092436         0.09325733393281105
529.7071129707113         0.09042827548241374
527.4999999999999         0.08723722315156197
