791.2499999999999         0.4183525238307698
786.3354037267079         0.4349337801499712
781.4814814814814         0.45576931949686655
776.6871165644171         0.4813242191149602
771.951219512195          0.5120765416582904
767.2727272727273         0.5484325806500864
762.6506024096384         0.5905673960961639
758.0838323353291         0.6381498763485852
753.5714285714284         0.689914680950112
749.1124260355028         0.7430907018634387
744.705882352941          0.792837854632348
740.3508771929824         0.8321067610232238
736.0465116279069         0.8525748084664058
731.7919075144507         0.847067613119763
727.5862068965516         0.812730482293243
723.4285714285713         0.752893552421683
719.3181818181816         0.6759620265657397
715.2542372881354         0.5920333670096114
711.2359550561796         0.5096349655009556
707.262569832402          0.43421085628647066
703.3333333333333         0.36826154931476696
699.4475138121546         0.3122327500230547
695.6043956043954         0.26543151583654784
691.8032786885245         0.22668232375604278
688.0434782608695         0.19470943938542637
684.3243243243243         0.16832428314656744
680.6451612903226         0.14649775938111026
677.0053475935828         0.1283732503315795
673.4042553191488         0.11325301766523654
669.8412698412698         0.10057525423236724
666.315789473684          0.08989001308337333
662.8272251308899         0.0808374560547758
659.3749999999999         0.07312950797543497
655.9585492227978         0.06653493708114334
652.5773195876288         0.06086746358930051
649.2307692307692         0.055976384810837644
645.9183673469387         0.05173922368438639
642.6395939086294         0.04805597453356607
639.3939393939393         0.04484459696174244
636.180904522613          0.042037480250089014
632.9999999999999         0.03957866110138197
629.8507462686566         0.03742162644102777
626.7326732673266         0.035527571466329004
623.6453201970443         0.03386401298758368
620.5882352941176         0.03240368107288016
617.560975609756          0.031123629607392966
614.5631067961165         0.030004519843632546
611.5942028985506         0.029030041327228622
608.6538461538461         0.02818644248800839
605.7416267942583         0.027462149265160128
602.8571428571428         0.026847454826677695
599.9999999999999         0.026334267078478402
597.1698113207547         0.0259159034888144
594.3661971830985         0.025586924968653092
591.5887850467288         0.02534300229277121
588.8372093023255         0.02518080992865073
586.1111111111111         0.025097943244934057
583.4101382488478         0.02509285596174913
580.7339449541283         0.02516481543139096
578.0821917808219         0.02531387393762674
575.4545454545454         0.025540854705157413
572.8506787330316         0.025847351740634593
570.2702702702702         0.026235743001607546
567.7130044843049         0.026709216724217017
565.1785714285713         0.027271811045547597
562.6666666666666         0.027928467341402252
560.1769911504424         0.028685097971017547
557.7092511013215         0.02954866938143576
555.2631578947368         0.030527301778044982
552.8384279475981         0.03163038681361602
550.4347826086956         0.03286872498278455
548.051948051948          0.03425468462477114
545.6896551724137         0.03580238462205571
543.3476394849785         0.037527903017576525
541.025641025641          0.039449513830195376
538.7234042553191         0.04158795428832717
536.4406779661016         0.04396672447065295
534.1772151898733         0.04661242086673501
531.9327731092436         0.049555104550830884
529.7071129707113         0.05282870336833765
527.4999999999999         0.0564714455972747
