791.2499999999999         0.052148447453138
786.3354037267079         0.05145927564401688
781.4814814814814         0.051296689245737874
776.6871165644171         0.051657643084448784
771.951219512195          0.05255781744596161
767.2727272727273         0.0540327944560672
762.6506024096384         0.05614062466026389
758.0838323353291         0.0589660556432056
753.5714285714284         0.06262687488101165
749.1124260355028         0.06728305605596735
744.705882352941          0.07314971693483832
740.3508771929824         0.08051532212925964
736.0465116279069         0.08976710377698256
731.7919075144507         0.10142627305892875
727.5862068965516         0.11619601650622938
723.4285714285713         0.13502478581644833
719.3181818181816         0.15918406941478966
715.2542372881354         0.19034900742208086
711.2359550561796         0.23064164976706963
707.262569832402          0.2825315218687808
703.3333333333333         0.34836497179037496
699.4475138121546         0.4291403486879326
695.6043956043954         0.5222041752074347
691.8032786885245         0.6184852436393385
688.0434782608695         0.7021252088679205
684.3243243243243         0.7562447508637965
680.6451612903226         0.772846276822934
677.0053475935828         0.7573315150833811
673.4042553191488         0.7231935233545363
669.8412698412698         0.6838438996651505
666.315789473684          0.6485049679895946
662.8272251308899         0.622248213389643
659.3749999999999         0.6075438667004135
655.9585492227978         0.6056931493510259
652.5773195876288         0.6177300233689599
649.2307692307692         0.6448297106977485
645.9183673469387         0.688227391250732
642.6395939086294         0.7483835334356322
639.3939393939393         0.8227367246504673
636.180904522613          0.9013021045069505
632.9999999999999         0.9614495313779379
629.8507462686566         0.969950306763961
626.7326732673266         0.9034605847240493
623.6453201970443         0.7738877128341399
620.5882352941176         0.6211445996968243
617.560975609756          0.48067923401841833
614.5631067961165         0.3676578454725536
611.5942028985506         0.2824943976355766
608.6538461538461         0.21998646051330537
605.7416267942583         0.17433225702449257
602.8571428571428         0.14079105620517993
599.9999999999999         0.11588248002255644
597.1698113207547         0.09715426567838292
594.3661971830985         0.08290041332907946
591.5887850467288         0.07193336298655685
588.8372093023255         0.06342079852640524
586.1111111111111         0.0567740221414285
583.4101382488478         0.05157287025204617
580.7339449541283         0.04751539092900686
578.0821917808219         0.04438406302626504
575.4545454545454         0.042023086742762054
572.8506787330316         0.04032318564519708
570.2702702702702         0.03921164058233672
567.7130044843049         0.03864613413116481
565.1785714285713         0.03861157830113941
562.6666666666666         0.039119541104099056
560.1769911504424         0.04021026162187516
557.7092511013215         0.04195761245114361
555.2631578947368         0.04447778305489008
552.8384279475981         0.047942938709423226
550.4347826086956         0.052601578373569026
548.051948051948          0.05880735412848669
545.6896551724137         0.06705624434522621
543.3476394849785         0.07802356309970447
541.025641025641          0.09256416463531611
538.7234042553191         0.11155921279380408
536.4406779661016         0.13531132497239942
534.1772151898733         0.16198311517805622
531.9327731092436         0.1851985414248685
529.7071129707113         0.19424051457869818
527.4999999999999         0.18216690867436724
