791.2499999999999         0.8881515705695305
786.3354037267079         0.9936562402987039
781.4814814814814         0.9127907838263961
776.6871165644171         0.7026614204978897
771.951219512195          0.4967374114124549
767.2727272727273         0.3469605348715635
762.6506024096384         0.24760703407810744
758.0838323353291         0.18242191832098842
753.5714285714284         0.13886859837358329
749.1124260355028         0.10898095209135228
744.705882352941          0.0879038890818563
740.3508771929824         0.07266458975115289
736.0465116279069         0.061405151883286775
731.7919075144507         0.05293496724461955
727.5862068965516         0.04647160835999745
723.4285714285713         0.04148880183334602
719.3181818181816         0.03762533576332165
715.2542372881354         0.03462921633356218
711.2359550561796         0.032322680390310936
707.262569832402          0.03057986487439286
703.3333333333333         0.029312373113863994
699.4475138121546         0.02845992766791346
695.6043956043954         0.02798443557838175
691.8032786885245         0.02786647958467207
688.0434782608695         0.028103690823217724
684.3243243243243         0.028710773753255127
680.6451612903226         0.029721220889311263
677.0053475935828         0.03119103771051077
673.4042553191488         0.03320516861930218
669.8412698412698         0.0358878778418864
666.315789473684          0.03941927439705325
662.8272251308899         0.04406181229319207
659.3749999999999         0.050203598963295785
655.9585492227978         0.05843102271410467
652.5773195876288         0.06965427277840713
649.2307692307692         0.08533136159704156
645.9183673469387         0.1078802536427877
642.6395939086294         0.141451738071161
639.3939393939393         0.19335197263155107
636.180904522613          0.276276073843332
632.9999999999999         0.4090788078996398
629.8507462686566         0.5997743009514628
626.7326732673266         0.7710940219350552
623.6453201970443         0.7513365703170981
620.5882352941176         0.5691706751413963
617.560975609756          0.3917070328442621
614.5631067961165         0.27104883196507573
611.5942028985506         0.19489913376952314
608.6538461538461         0.1462393339078798
605.7416267942583         0.11402439395493222
602.8571428571428         0.09186136552927437
599.9999999999999         0.07606034405084613
597.1698113207547         0.06443183604379538
594.3661971830985         0.05562994378948276
591.5887850467288         0.04879746539192557
588.8372093023255         0.043370131239343836
586.1111111111111         0.03896536281381165
583.4101382488478         0.03531707003817688
580.7339449541283         0.032236288359706405
578.0821917808219         0.029586747410052995
575.4545454545454         0.027269285731802567
572.8506787330316         0.025211603476531223
570.2702702702702         0.02336127241863065
567.7130044843049         0.021680748367543544
565.1785714285713         0.020143632552626745
562.6666666666666         0.01873174537589645
560.1769911504424         0.017432777073043783
557.7092511013215         0.01623840033779351
555.2631578947368         0.015142791395206186
552.8384279475981         0.014141526388758761
550.4347826086956         0.013230816496809284
548.051948051948          0.01240703297126964
545.6896551724137         0.011666462940592096
543.3476394849785         0.01100523358320021
541.025641025641          0.010419346758321164
538.7234042553191         0.009904776182269502
536.4406779661016         0.009457591678417695
534.1772151898733         0.0090740872605319
531.9327731092436         0.00875090018164986
529.7071129707113         0.008485115942020973
527.4999999999999         0.00827435966729307
