791.2499999999999         0.06259978828961958
786.3354037267079         0.0656975578635612
781.4814814814814         0.06984852964680048
776.6871165644171         0.07525646713280677
771.951219512195          0.08220408916919568
767.2727272727273         0.09108114226499038
762.6506024096384         0.10242534643535335
758.0838323353291         0.11698191401477935
753.5714285714284         0.13578942206843547
749.1124260355028         0.1603013012303695
744.705882352941          0.19254975418995166
740.3508771929824         0.23534243394083973
736.0465116279069         0.29242436188862875
731.7919075144507         0.3683742472038682
727.5862068965516         0.46762618836297914
723.4285714285713         0.5914093719776415
719.3181818181816         0.7314536978903241
715.2542372881354         0.8631040645084872
711.2359550561796         0.9493142697025865
707.262569832402          0.9642152686128932
703.3333333333333         0.9143124095101096
699.4475138121546         0.8289784467005692
695.6043956043954         0.7364217759417664
691.8032786885245         0.6526153623626599
688.0434782608695         0.5832550830142743
684.3243243243243         0.5286753842234139
680.6451612903226         0.4872072851173685
677.0053475935828         0.45678460589654224
673.4042553191488         0.43554950056395075
669.8412698412698         0.42200963373134526
666.315789473684          0.41502377028210713
662.8272251308899         0.41373281617828606
659.3749999999999         0.41747963612743355
655.9585492227978         0.42573086133196053
652.5773195876288         0.43800341338218257
649.2307692307692         0.4537967526674889
645.9183673469387         0.4725343763644132
642.6395939086294         0.4935225504085461
639.3939393939393         0.5159383809525719
636.180904522613          0.5388599210425016
632.9999999999999         0.5613446681057812
629.8507462686566         0.5825485120472068
626.7326732673266         0.6018593218257933
623.6453201970443         0.6190076116798461
620.5882352941176         0.6341203647526401
617.560975609756          0.6477037747738988
614.5631067961165         0.6605661090556347
611.5942028985506         0.6737091075614379
608.6538461538461         0.6882178500303983
605.7416267942583         0.7051674406111279
602.8571428571428         0.7255480263868713
599.9999999999999         0.7501939093560819
597.1698113207547         0.7796896609908873
594.3661971830985         0.8142150566227533
591.5887850467288         0.853281461980799
588.8372093023255         0.8953132313779845
586.1111111111111         0.9370655692775228
583.4101382488478         0.9730006710401015
580.7339449541283         0.9950285916699467
578.0821917808219         0.9933903988552523
575.4545454545454         0.9594492351511872
572.8506787330316         0.8899543577685136
570.2702702702702         0.790170839578913
567.7130044843049         0.6727856375796704
565.1785714285713         0.5527738406431547
562.6666666666666         0.4420449793777958
560.1769911504424         0.34709582556395047
557.7092511013215         0.2696464170715893
555.2631578947368         0.20848160965106396
552.8384279475981         0.16111416281871474
550.4347826086956         0.12482210668865622
548.051948051948          0.09714523354803635
545.6896551724137         0.07605175888121125
543.3476394849785         0.059942908956948746
541.025641025641          0.047594005080227986
538.7234042553191         0.03808059429594269
536.4406779661016         0.03070993576433582
534.1772151898733         0.024964329631299464
531.9327731092436         0.020456797152248015
529.7071129707113         0.016897448282939084
527.4999999999999         0.014068377729342952
