791.2499999999999         0.08061201577414709
786.3354037267079         0.08294841371302678
781.4814814814814         0.08623744367605173
776.6871165644171         0.09060171588874374
771.951219512195          0.09620802715180013
767.2727272727273         0.10327828044318371
762.6506024096384         0.11210420725372794
758.0838323353291         0.12306690473038245
753.5714285714284         0.13666228222564114
749.1124260355028         0.1535332919348055
744.705882352941          0.1745088409442515
740.3508771929824         0.20064660898167197
736.0465116279069         0.233270825069774
731.7919075144507         0.27398327472358197
727.5862068965516         0.32460207166272526
723.4285714285713         0.3869451592904568
719.3181818181816         0.46233329413989355
715.2542372881354         0.5506874807354818
711.2359550561796         0.6492555665635302
707.262569832402          0.7514649197441121
703.3333333333333         0.8470346412870573
699.4475138121546         0.9244593343872802
695.6043956043954         0.9753250594837958
691.8032786885245         0.9976926513274118
688.0434782608695         0.9960427586385487
684.3243243243243         0.978294806785409
680.6451612903226         0.9524571428454315
677.0053475935828         0.9246742647644989
673.4042553191488         0.8987525078144578
669.8412698412698         0.876475895332547
666.315789473684          0.8581204402123411
662.8272251308899         0.8428978160611162
659.3749999999999         0.8292865892093134
655.9585492227978         0.8153100262701389
652.5773195876288         0.7988379905128915
649.2307692307692         0.7779550156177965
645.9183673469387         0.7513628927498641
642.6395939086294         0.7187068787325223
639.3939393939393         0.6806881501196607
636.180904522613          0.6388932432173577
632.9999999999999         0.5954022607027682
629.8507462686566         0.5523368128415795
626.7326732673266         0.511507169346136
623.6453201970443         0.47423576852528915
620.5882352941176         0.44134361868635547
617.560975609756          0.41323843951345945
614.5631067961165         0.39004156388296934
611.5942028985506         0.3717117781733511
608.6538461538461         0.3581474065914621
605.7416267942583         0.34926373865558635
602.8571428571428         0.34505074243469036
599.9999999999999         0.34561851870509397
597.1698113207547         0.3512377224287322
594.3661971830985         0.3623806771201265
591.5887850467288         0.37976633700044
588.8372093023255         0.4044073947559436
586.1111111111111         0.4376473256896923
583.4101382488478         0.48115181889236175
580.7339449541283         0.5367695722278102
578.0821917808219         0.6060835859661451
575.4545454545454         0.6893358644009069
572.8506787330316         0.7833422492745816
570.2702702702702         0.8784821686727823
567.7130044843049         0.9566879921024933
565.1785714285713         0.995055348197863
562.6666666666666         0.9777709004515717
560.1769911504424         0.9079621777036806
557.7092511013215         0.8057878460760537
555.2631578947368         0.6948003591966277
552.8384279475981         0.591251826802915
550.4347826086956         0.5023649433824212
548.051948051948          0.42933116381118985
545.6896551724137         0.37050767144402025
543.3476394849785         0.323369462044224
541.025641025641          0.28540680026460585
538.7234042553191         0.2544375830573405
536.4406779661016         0.2286607346423142
534.1772151898733         0.20662039233369314
531.9327731092436         0.1871573842434285
529.7071129707113         0.16937747112410603
527.4999999999999         0.15264124576214355
