791.2499999999999         0.9982438647689331
786.3354037267079         0.9847662317895327
781.4814814814814         0.954100526809301
776.6871165644171         0.9123173415517856
771.951219512195          0.8649348952139497
767.2727272727273         0.8159626847957153
762.6506024096384         0.7677273873467003
758.0838323353291         0.7211405299749017
753.5714285714284         0.676115517877972
749.1124260355028         0.6319865542207742
744.705882352941          0.5878861924065264
740.3508771929824         0.5430742309294438
736.0465116279069         0.4971990243125354
731.7919075144507         0.4504480328166633
727.5862068965516         0.4035435333328255
723.4285714285713         0.35757999329300416
719.3181818181816         0.3137627656069458
715.2542372881354         0.2731476058577976
711.2359550561796         0.23646650748347012
707.262569832402          0.20407155916099223
703.3333333333333         0.17597541997926333
699.4475138121546         0.15194247858600285
695.6043956043954         0.131588702321781
691.8032786885245         0.11446519333930172
688.0434782608695         0.10011685098644726
684.3243243243243         0.08811764622134406
680.6451612903226         0.07808811508728877
677.0053475935828         0.06970109960335437
673.4042553191488         0.06268060870244825
669.8412698412698         0.05679718867077147
666.315789473684          0.051861924249296774
662.8272251308899         0.047720277896889755
659.3749999999999         0.04424638181325376
655.9585492227978         0.04133804199699813
652.5773195876288         0.03891251619562771
649.2307692307692         0.03690302768184562
645.9183673469387         0.03525593353932491
642.6395939086294         0.03392845388798198
639.3939393939393         0.03288687192881234
636.180904522613          0.032105125156282006
632.9999999999999         0.03156372089058898
629.8507462686566         0.03124892207105014
626.7326732673266         0.031152160974028932
623.6453201970443         0.03126964881698268
620.5882352941176         0.031602158068990055
617.560975609756          0.03215496183641126
614.5631067961165         0.03293792109144547
611.5942028985506         0.03396571588870346
608.6538461538461         0.03525822112089786
605.7416267942583         0.0368410307379324
602.8571428571428         0.03874613648411945
599.9999999999999         0.04101276770405771
597.1698113207547         0.04368839702129008
594.3661971830985         0.04682991187065957
591.5887850467288         0.05050494294406713
588.8372093023255         0.054793326526172165
586.1111111111111         0.05978865768817222
583.4101382488478         0.06559986555832507
580.7339449541283         0.07235271261254181
578.0821917808219         0.08019109293978928
575.4545454545454         0.08927799101856808
572.8506787330316         0.09979598096017563
570.2702702702702         0.11194722134620401
567.7130044843049         0.1259530596387169
565.1785714285713         0.1420536197390818
562.6666666666666         0.16050809305229757
560.1769911504424         0.18159681614213466
557.7092511013215         0.205626444242659
555.2631578947368         0.23293938050495713
552.8384279475981         0.26392779225654966
550.4347826086956         0.29905070232498204
548.051948051948          0.33884941118063716
545.6896551724137         0.3839513659862886
543.3476394849785         0.435044710075841
541.025641025641          0.4927940124668604
538.7234042553191         0.5576517932187619
536.4406779661016         0.6295048061358408
534.1772151898733         0.7070969061358429
531.9327731092436         0.7872381833039042
529.7071129707113         0.8640182027949103
527.4999999999999         0.9286170144745071
