791.2499999999999         0.40922741945109026
786.3354037267079         0.40318188018872436
781.4814814814814         0.40207604647302897
776.6871165644171         0.40475292082485836
771.951219512195          0.4101319559875595
767.2727272727273         0.41714403142903433
762.6506024096384         0.4246960651322822
758.0838323353291         0.4316667375077636
753.5714285714284         0.43693222761908973
749.1124260355028         0.43941891355955004
744.705882352941          0.4381789485130677
740.3508771929824         0.4324833481893403
736.0465116279069         0.4219227564360058
731.7919075144507         0.4064965221761257
727.5862068965516         0.38666004889591843
723.4285714285713         0.363299250159869
719.3181818181816         0.3376189789804225
715.2542372881354         0.31096578325805874
711.2359550561796         0.2846348264548973
707.262569832402          0.25971613645409236
703.3333333333333         0.23701401560261282
699.4475138121546         0.21704172690251602
695.6043956043954         0.2000705269214929
691.8032786885245         0.18620557197732612
688.0434782608695         0.17546729452454407
684.3243243243243         0.1678676892497645
680.6451612903226         0.1634810949414287
677.0053475935828         0.16251701009783537
673.4042553191488         0.16540957766768669
669.8412698412698         0.17294743127608958
666.315789473684          0.18648190289118516
662.8272251308899         0.20827158793171244
659.3749999999999         0.24202446986103734
655.9585492227978         0.29353350241762177
652.5773195876288         0.3702006149933542
649.2307692307692         0.4734066239583164
645.9183673469387         0.5686907236873023
642.6395939086294         0.5628690338680423
639.3939393939393         0.4312188503907617
636.180904522613          0.28190059607357265
632.9999999999999         0.17773387446517117
629.8507462686566         0.11472911108391566
626.7326732673266         0.07713902494836004
623.6453201970443         0.0540731060336491
620.5882352941176         0.03937043775427468
617.560975609756          0.029640783964707356
614.5631067961165         0.022980819662220337
611.5942028985506         0.018285576633785588
608.6538461538461         0.014890277622805747
605.7416267942583         0.012381184646097335
602.8571428571428         0.010492724738689244
599.9999999999999         0.009049664888460368
597.1698113207547         0.007933536216847246
594.3661971830985         0.007062536099921691
591.5887850467288         0.006379158868193761
588.8372093023255         0.0058423910265362
586.1111111111111         0.005422678148053274
583.4101382488478         0.005098619795408175
580.7339449541283         0.004854770124908354
578.0821917808219         0.004680165471194995
575.4545454545454         0.004567345158141277
572.8506787330316         0.004511720751438435
570.2702702702702         0.004511205786418608
567.7130044843049         0.004566056456432472
565.1785714285713         0.004678902238745208
562.6666666666666         0.004854969551246762
560.1769911504424         0.005102525525483703
557.7092511013215         0.005433596698650158
555.2631578947368         0.005865052902769145
552.8384279475981         0.006420194257568852
550.4347826086956         0.0071310429122086036
548.051948051948          0.008041621019750115
545.6896551724137         0.00921257729085138
543.3476394849785         0.010727544992128512
541.025641025641          0.012701384561274039
538.7234042553191         0.01528946421835933
536.4406779661016         0.01869407599214044
534.1772151898733         0.0231562360682162
531.9327731092436         0.02890444198579105
529.7071129707113         0.036007990353149014
527.4999999999999         0.044087596539964524
