791.2499999999999         0.09391563375195973
786.3354037267079         0.08732104537411028
781.4814814814814         0.08177173986517305
776.6871165644171         0.07711197654046173
771.951219512195          0.07321765526478331
767.2727272727273         0.06999013170464463
762.6506024096384         0.06735148595532627
758.0838323353291         0.06524092930845261
753.5714285714284         0.06361211124925813
749.1124260355028         0.06243115125097435
744.705882352941          0.06167527027073507
740.3508771929824         0.06133193810601033
736.0465116279069         0.061398487884095
731.7919075144507         0.06188218065179254
727.5862068965516         0.0628007338763298
723.4285714285713         0.06418336019131252
719.3181818181816         0.06607239952526321
715.2542372881354         0.06852567152608255
711.2359550561796         0.07161972849922013
707.262569832402          0.07545425353035091
703.3333333333333         0.08015792261069175
699.4475138121546         0.08589612378533319
695.6043956043954         0.09288097110685248
691.8032786885245         0.10138399133142911
688.0434782608695         0.11175152032665274
684.3243243243243         0.12442183000575306
680.6451612903226         0.13994047384787095
677.0053475935828         0.15896459300855928
673.4042553191488         0.18223486632576041
669.8412698412698         0.2104708855967988
666.315789473684          0.24410948836089177
662.8272251308899         0.28277138409024327
659.3749999999999         0.3243856976867411
655.9585492227978         0.3642118276497232
652.5773195876288         0.39471625734473237
649.2307692307692         0.40774786291492454
645.9183673469387         0.39889757965474
642.6395939086294         0.37056094890406954
639.3939393939393         0.33033954521343695
636.180904522613          0.2865426831681192
632.9999999999999         0.2450014796969163
629.8507462686566         0.2085496021146885
626.7326732673266         0.17791630378358628
623.6453201970443         0.1527444208089873
620.5882352941176         0.13226701846290734
617.560975609756          0.1156551114167023
614.5631067961165         0.10216219791730582
611.5942028985506         0.0911666232410507
608.6538461538461         0.08216993327392873
605.7416267942583         0.07477978266132995
602.8571428571428         0.06868989710689817
599.9999999999999         0.06366186100624456
597.1698113207547         0.05951009394920395
594.3661971830985         0.056090016787526994
591.5887850467288         0.053288951045326056
588.8372093023255         0.05101921219540684
586.1111111111111         0.04921291122845363
583.4101382488478         0.04781807046925582
580.7339449541283         0.04679575027578903
578.0821917808219         0.04611796077186603
575.4545454545454         0.04576619535141833
572.8506787330316         0.045730472414769144
570.2702702702702         0.04600881178214254
567.7130044843049         0.046607105655626216
565.1785714285713         0.04753937383972381
562.6666666666666         0.048828422004180944
560.1769911504424         0.050506952955835765
557.7092511013215         0.052619217386728846
555.2631578947368         0.055223336274149284
552.8384279475981         0.0583944870221689
550.4347826086956         0.06222922614820572
548.051948051948          0.06685133150828704
545.6896551724137         0.0724196976965633
543.3476394849785         0.07913902183590191
541.025641025641          0.08727428379757173
538.7234042553191         0.09717035170843634
536.4406779661016         0.10927838324008815
534.1772151898733         0.12419087818148196
531.9327731092436         0.14268679683567045
529.7071129707113         0.16578589198242238
527.4999999999999         0.1948044530891127
