791.2499999999999         0.4070143057137323
786.3354037267079         0.47648779755138637
781.4814814814814         0.5596303526381515
776.6871165644171         0.6541413685537197
771.951219512195          0.7522327945595679
767.2727272727273         0.8389966120918898
762.6506024096384         0.8951777249141375
758.0838323353291         0.9061754735787965
753.5714285714284         0.8713214965221061
749.1124260355028         0.8038118945576496
744.705882352941          0.7216801311424511
740.3508771929824         0.639314227537993
736.0465116279069         0.5647619402593919
731.7919075144507         0.5010136103964701
727.5862068965516         0.4481584700514734
723.4285714285713         0.4049858508227577
719.3181818181816         0.36986935483435357
715.2542372881354         0.34116404190386923
711.2359550561796         0.3173433187154298
707.262569832402          0.29701962567183615
703.3333333333333         0.27892957270581004
699.4475138121546         0.2619291062723421
695.6043956043954         0.24502488114755144
691.8032786885245         0.22744987045373605
688.0434782608695         0.20876534809808844
684.3243243243243         0.1889419038578744
680.6451612903226         0.16836026685071084
677.0053475935828         0.1477009038323358
673.4042553191488         0.12775179504447487
669.8412698412698         0.10921143812446013
666.315789473684          0.0925597156016103
662.8272251308899         0.07802224595221703
659.3749999999999         0.06560683445862213
655.9585492227978         0.0551722475014343
652.5773195876288         0.04649693941599919
649.2307692307692         0.03933165941257568
645.9183673469387         0.03343286521225917
642.6395939086294         0.02858035835869467
639.3939393939393         0.02458421761268012
636.180904522613          0.021285443619112557
632.9999999999999         0.018553417694404734
629.8507462686566         0.016282086098224728
626.7326732673266         0.014385925162234699
623.6453201970443         0.012796202205151066
620.5882352941176         0.011457736282523853
617.560975609756          0.010326198840289976
614.5631067961165         0.009365916762133426
611.5942028985506         0.008548110138522554
608.6538461538461         0.007849491119646671
605.7416267942583         0.007251155411288895
602.8571428571428         0.0067377074069898965
599.9999999999999         0.0062965701742111555
597.1698113207547         0.005917440970782431
594.3661971830985         0.005591861087317147
591.5887850467288         0.0053128754977587785
588.8372093023255         0.00507476317252264
586.1111111111111         0.004872823161008807
583.4101382488478         0.004703204887028154
580.7339449541283         0.0045627737080102945
578.0821917808219         0.004449004824798528
575.4545454545454         0.004359900222848834
572.8506787330316         0.004293924581513255
570.2702702702702         0.004249957088150381
567.7130044843049         0.004227256903627349
565.1785714285713         0.004225440697733578
562.6666666666666         0.0042444712503156585
560.1769911504424         0.004284656633003137
557.7092511013215         0.004346659980228668
555.2631578947368         0.004431520358430103
552.8384279475981         0.004540685781907796
550.4347826086956         0.004676060039989041
548.051948051948          0.004840065737882349
545.6896551724137         0.00503572686978248
543.3476394849785         0.005266775412564356
541.025641025641          0.005537787953395233
538.7234042553191         0.0058543603849192305
536.4406779661016         0.006223331413722189
534.1772151898733         0.006653069309774511
531.9327731092436         0.007153841375492594
529.7071129707113         0.007738292610899108
527.4999999999999         0.008422069842000614
