791.2499999999999         0.09962357646340742
786.3354037267079         0.08254227263339997
781.4814814814814         0.06929895879720181
776.6871165644171         0.05895856581018312
771.951219512195          0.05081656089849285
767.2727272727273         0.044349812785572214
762.6506024096384         0.03917125429061313
758.0838323353291         0.03499381640799328
753.5714285714284         0.031603444913994805
749.1124260355028         0.028839457957402104
744.705882352941          0.026580407734527103
740.3508771929824         0.024733933897527375
736.0465116279069         0.023229472262922636
731.7919075144507         0.02201299946941953
727.5862068965516         0.02104323444973203
723.4285714285713         0.02028889133431558
719.3181818181816         0.019726701682101076
715.2542372881354         0.019340011084908546
711.2359550561796         0.01911781736769544
707.262569832402          0.01905416302348977
703.3333333333333         0.019147829189622472
699.4475138121546         0.019402306925632343
695.6043956043954         0.019826047493425564
691.8032786885245         0.02043302020883132
688.0434782608695         0.021243638001330813
684.3243243243243         0.022286151897770997
680.6451612903226         0.023598673100402656
677.0053475935828         0.02523206564872391
673.4042553191488         0.027254080558481466
669.8412698412698         0.029755301196198708
666.315789473684          0.03285778517414762
662.8272251308899         0.03672779759584888
659.3749999999999         0.04159486610455936
655.9585492227978         0.04778077522430598
652.5773195876288         0.055744433603782326
649.2307692307692         0.06615239018302209
645.9183673469387         0.0799909340433234
642.6395939086294         0.09874456703241193
639.3939393939393         0.12467399902447875
636.180904522613          0.16121472678955928
632.9999999999999         0.21339921507034862
629.8507462686566         0.28768128455165526
626.7326732673266         0.38886378190885673
623.6453201970443         0.5090275781271574
620.5882352941176         0.6095564898756443
617.560975609756          0.6330392175288095
614.5631067961165         0.5690886292676465
611.5942028985506         0.4663435174220058
608.6538461538461         0.3690940714274925
605.7416267942583         0.29254175761144746
602.8571428571428         0.23605435029996208
599.9999999999999         0.1949996157080767
597.1698113207547         0.16502528753305784
594.3661971830985         0.14289875532933913
591.5887850467288         0.12637925616466858
588.8372093023255         0.11394074054144143
586.1111111111111         0.10454219959462359
583.4101382488478         0.09746755633954433
580.7339449541283         0.09221987731538989
578.0821917808219         0.08845249894223987
575.4545454545454         0.08592418590648532
572.8506787330316         0.08446980706171801
570.2702702702702         0.0839811141799452
567.7130044843049         0.08439422100566976
565.1785714285713         0.08568164954084787
562.6666666666666         0.08784760888616469
560.1769911504424         0.09092567910323436
557.7092511013215         0.0949784002831269
555.2631578947368         0.10009848255008447
552.8384279475981         0.10641149452464073
550.4347826086956         0.11407997425185264
548.051948051948          0.12330893939955805
545.6896551724137         0.1343527355083276
543.3476394849785         0.1475230083220171
541.025641025641          0.163197231717348
538.7234042553191         0.1818265080213196
536.4406779661016         0.20394000919143926
534.1772151898733         0.23014100257138506
531.9327731092436         0.26108525822987405
529.7071129707113         0.2974260236691335
527.4999999999999         0.3397004063839168
