791.2499999999999         0.337328846349805
786.3354037267079         0.2913609153255982
781.4814814814814         0.25365737327166765
776.6871165644171         0.22279985092051519
771.951219512195          0.1975428522064136
767.2727272727273         0.17684502177613864
762.6506024096384         0.15985943474919254
758.0838323353291         0.14590818736115546
753.5714285714284         0.1344537132062633
749.1124260355028         0.12507223773700427
744.705882352941          0.11743126301550634
740.3508771929824         0.1112713513671677
736.0465116279069         0.1063918180376435
731.7919075144507         0.10263974600512288
727.5862068965516         0.0999017439370596
723.4285714285713         0.09809795627960646
719.3181818181816         0.09717794589040292
715.2542372881354         0.09711818140399454
711.2359550561796         0.09792096676105196
707.262569832402          0.0996147496208796
703.3333333333333         0.10225584252512211
699.4475138121546         0.10593169053831067
695.6043956043954         0.11076592594098901
691.8032786885245         0.11692556589991394
688.0434782608695         0.12463082720398148
684.3243243243243         0.13416813080852286
680.6451612903226         0.1459068892104446
677.0053475935828         0.1603204753146382
673.4042553191488         0.1780110678345165
669.8412698412698         0.19973625003390802
666.315789473684          0.22643112804479326
662.8272251308899         0.25921121632997635
659.3749999999999         0.2993251370147799
655.9585492227978         0.3479988991440502
652.5773195876288         0.4060772899331512
649.2307692307692         0.47334756628528424
645.9183673469387         0.5475065060740714
642.6395939086294         0.6230507456104168
639.3939393939393         0.6909815319755311
636.180904522613          0.740590938045993
632.9999999999999         0.763525775112948
629.8507462686566         0.7577798754188657
626.7326732673266         0.7283373938878682
623.6453201970443         0.6840997568918913
620.5882352941176         0.6339419603911604
617.560975609756          0.5844136272074504
614.5631067961165         0.5393642420988047
611.5942028985506         0.5005646679097076
608.6538461538461         0.46850524636328056
605.7416267942583         0.4430165086761786
602.8571428571428         0.42365994213292285
599.9999999999999         0.409943443896735
597.1698113207547         0.40142684700755693
594.3661971830985         0.39776508215443335
591.5887850467288         0.39871732916087965
588.8372093023255         0.40413649408423113
586.1111111111111         0.4139441328223743
583.4101382488478         0.42808984039119535
580.7339449541283         0.4464899734492205
578.0821917808219         0.46893836264519384
575.4545454545454         0.4949830472727328
572.8506787330316         0.5237717765313782
570.2702702702702         0.5538902708944047
567.7130044843049         0.5832533960010052
565.1785714285713         0.6091495006130582
562.6666666666666         0.6285456647530947
560.1769911504424         0.6386829438525355
557.7092511013215         0.6378133676590977
555.2631578947368         0.625758463175541
552.8384279475981         0.60398405736873
550.4347826086956         0.5751423931506481
548.051948051948          0.5423334511020176
545.6896551724137         0.5084333683805892
543.3476394849785         0.4757015874880325
541.025641025641          0.44568002820306424
538.7234042553191         0.41928310201255165
536.4406779661016         0.3969652326858381
534.1772151898733         0.3788907892120611
531.9327731092436         0.36507322552729427
529.7071129707113         0.3554773275444375
527.4999999999999         0.3500908980375546
