791.2499999999999         0.453100913722492
786.3354037267079         0.5405128629374855
781.4814814814814         0.6379115124956093
776.6871165644171         0.7386801906491024
771.951219512195          0.832320536511361
767.2727272727273         0.906843938340982
762.6506024096384         0.9532054481756801
758.0838323353291         0.9690211112892144
753.5714285714284         0.958774035919939
749.1124260355028         0.9307876000712603
744.705882352941          0.8936358055140121
740.3508771929824         0.8540010326414017
736.0465116279069         0.8161600244490507
731.7919075144507         0.7823677573198942
727.5862068965516         0.7534755870779353
723.4285714285713         0.7294634444386853
719.3181818181816         0.7098085087773932
715.2542372881354         0.693715632651081
711.2359550561796         0.6802584630009066
707.262569832402          0.6684736140466515
703.3333333333333         0.6574360028441413
699.4475138121546         0.6463289816667107
695.6043956043954         0.6345102833600305
691.8032786885245         0.6215655937547246
688.0434782608695         0.6073377910997649
684.3243243243243         0.5919227471286687
680.6451612903226         0.5756307750359643
677.0053475935828         0.5589223820317842
673.4042553191488         0.542333320352689
669.8412698412698         0.5264044673418449
666.315789473684          0.5116275064029957
662.8272251308899         0.49841063298625954
659.3749999999999         0.48706256815414717
655.9585492227978         0.4777896477883696
652.5773195876288         0.470699757214526
649.2307692307692         0.46580762895324546
645.9183673469387         0.4630376381673223
642.6395939086294         0.46222215411194656
639.3939393939393         0.46309556143563474
636.180904522613          0.4652863167225118
632.9999999999999         0.46831189296246795
629.8507462686566         0.47158387231485266
626.7326732673266         0.4744317946707629
623.6453201970443         0.4761529751859021
620.5882352941176         0.4760896586347285
617.560975609756          0.4737244509997095
614.5631067961165         0.4687732018970735
611.5942028985506         0.4612479597754059
608.6538461538461         0.4514674907501906
605.7416267942583         0.4400093963893647
602.8571428571428         0.427618231324762
599.9999999999999         0.41509711891218676
597.1698113207547         0.4032100218203999
594.3661971830985         0.39261046944371497
591.5887850467288         0.38379765446248093
588.8372093023255         0.37708880191928906
586.1111111111111         0.37258986802702043
583.4101382488478         0.37014434394530854
580.7339449541283         0.3692424056785028
578.0821917808219         0.3688852008463097
575.4545454545454         0.3674356491073591
572.8506787330316         0.3625652497728594
570.2702702702702         0.35151163347490516
567.7130044843049         0.3318695511380701
565.1785714285713         0.30281264890432386
562.6666666666666         0.26600540070570655
560.1769911504424         0.22527113229580403
557.7092511013215         0.18503319204437207
555.2631578947368         0.14869243852877992
552.8384279475981         0.11795273727819354
550.4347826086956         0.09307530042582231
548.051948051948          0.07348303147993315
545.6896551724137         0.05827860394715312
543.3476394849785         0.0465501273865454
541.025641025641          0.03750498820818509
538.7234042553191         0.03050493459357745
536.4406779661016         0.025056312253704045
534.1772151898733         0.020785220241393412
531.9327731092436         0.01741119619828337
529.7071129707113         0.014724475427736836
527.4999999999999         0.012567966367399498
