791.2499999999999         0.18150644958780146
786.3354037267079         0.2036249154826954
781.4814814814814         0.22647240950602363
776.6871165644171         0.24866568182860527
771.951219512195          0.26853661319292976
767.2727272727273         0.2844931463115125
762.6506024096384         0.29546708051621506
758.0838323353291         0.3012353038438405
753.5714285714284         0.3024457017438998
749.1124260355028         0.30036142445856245
744.705882352941          0.29649338102183703
740.3508771929824         0.2922993615808375
736.0465116279069         0.28903096153552243
731.7919075144507         0.28771542103789477
727.5862068965516         0.2892216635863594
723.4285714285713         0.29436623646569426
719.3181818181816         0.304036466427852
715.2542372881354         0.319327438074278
711.2359550561796         0.3417012168678072
707.262569832402          0.3731792532899173
703.3333333333333         0.4165628897694167
699.4475138121546         0.47560705420177757
695.6043956043954         0.5548431288791209
691.8032786885245         0.6581062477860916
688.0434782608695         0.7834766991277454
684.3243243243243         0.9116715593163216
680.6451612903226         0.9938244636390271
677.0053475935828         0.971080121137807
673.4042553191488         0.8385873643108817
669.8412698412698         0.6588498507816678
666.315789473684          0.49335699935702587
662.8272251308899         0.36523334617406605
659.3749999999999         0.2728404672024719
655.9585492227978         0.207551535681278
652.5773195876288         0.1612572065105647
649.2307692307692         0.12798165438883213
645.9183673469387         0.10364713491490032
642.6395939086294         0.08553048022019362
639.3939393939393         0.0718110345176136
636.180904522613          0.06125807425750915
632.9999999999999         0.05302701828344829
629.8507462686566         0.04652871106614708
626.7326732673266         0.04134544075599598
623.6453201970443         0.037176453569563166
620.5882352941176         0.03380212800656822
617.560975609756          0.03106006869861246
614.5631067961165         0.0288289161094018
611.5942028985506         0.027017226318729864
608.6538461538461         0.025555735594952184
605.7416267942583         0.024391922221748664
602.8571428571428         0.023486154839423918
599.9999999999999         0.022808957620117958
597.1698113207547         0.02233907943227246
594.3661971830985         0.022062158220084914
591.5887850467288         0.021969842615343474
588.8372093023255         0.02205928261488943
586.1111111111111         0.02233293796658071
583.4101382488478         0.022798682071057084
580.7339449541283         0.023470204531639505
578.0821917808219         0.024367739875027605
575.4545454545454         0.02551917580169445
572.8506787330316         0.026961623616086453
570.2702702702702         0.028743567714492182
567.7130044843049         0.030927750439360798
565.1785714285713         0.033594990519799806
562.6666666666666         0.036849167973874566
560.1769911504424         0.040823610373858
557.7092511013215         0.04568902594052229
555.2631578947368         0.051662820508342984
552.8384279475981         0.059018846355373446
550.4347826086956         0.06809485782333742
548.051948051948          0.07929131538220978
545.6896551724137         0.0930484435813727
543.3476394849785         0.10977775292394999
541.025641025641          0.1297122315484818
538.7234042553191         0.15264028956028364
536.4406779661016         0.1775389899054024
534.1772151898733         0.20226898532547397
531.9327731092436         0.22369503628784404
529.7071129707113         0.2385663334813792
527.4999999999999         0.24490096402464487
