791.2499999999999         0.16070080817142368
786.3354037267079         0.16474492460723517
781.4814814814814         0.16982291572907773
776.6871165644171         0.17605240368291705
771.951219512195          0.18358031266513836
767.2727272727273         0.19258891511856852
762.6506024096384         0.20330339450230298
758.0838323353291         0.2160011951409603
753.5714285714284         0.23102338431797018
749.1124260355028         0.24878808345651324
744.705882352941          0.2698056048941324
740.3508771929824         0.294694017734555
736.0465116279069         0.32419202700208577
731.7919075144507         0.35916254236235506
727.5862068965516         0.4005739696539802
723.4285714285713         0.44943554896462595
719.3181818181816         0.5066468726340796
715.2542372881354         0.5727022255734053
711.2359550561796         0.6471805293832514
707.262569832402          0.7279886250049783
703.3333333333333         0.8104796793473035
699.4475138121546         0.8868991015754526
695.6043956043954         0.9469888426460008
691.8032786885245         0.9804656520422823
688.0434782608695         0.9808580310032202
684.3243243243243         0.9484609250168251
680.6451612903226         0.8901436153780397
677.0053475935828         0.8161883233903512
673.4042553191488         0.7365576337425754
669.8412698412698         0.6586478689351493
666.315789473684          0.5868416825128772
662.8272251308899         0.5231000556750904
659.3749999999999         0.46781418053492196
655.9585492227978         0.42051760718504794
652.5773195876288         0.3803612700553091
649.2307692307692         0.34638794250883975
645.9183673469387         0.31767199779049565
642.6395939086294         0.2933795356063598
639.3939393939393         0.27278558328489033
636.180904522613          0.2552701725524124
632.9999999999999         0.2403052993526227
629.8507462686566         0.22743899633140247
626.7326732673266         0.21627958334822986
623.6453201970443         0.20648155707482918
620.5882352941176         0.19773386474278953
617.560975609756          0.1897510747027679
614.5631067961165         0.18226795298257867
611.5942028985506         0.1750379895682904
608.6538461538461         0.16783631373301747
605.7416267942583         0.16046702635765403
602.8571428571428         0.152774152008767
599.9999999999999         0.14465423522440457
597.1698113207547         0.13606740883507853
594.3661971830985         0.1270431463647588
591.5887850467288         0.1176774969815034
588.8372093023255         0.10812059625690068
586.1111111111111         0.09855609702079997
583.4101382488478         0.08917668865118086
580.7339449541283         0.08016091330218696
578.0821917808219         0.0716556465662949
575.4545454545454         0.06376646082698009
572.8506787330316         0.056555720206633624
570.2702702702702         0.05004657987045707
567.7130044843049         0.04423041979950166
565.1785714285713         0.039075452335743034
562.6666666666666         0.03453489412385387
560.1769911504424         0.030553815636848263
557.7092511013215         0.02707436082773375
555.2631578947368         0.024039399898849786
552.8384279475981         0.021394863487797584
550.4347826086956         0.019091063349300143
548.051948051948          0.01708328821884201
545.6896551724137         0.015331914648419586
543.3476394849785         0.013802215988959744
541.025641025641          0.012464000947867912
538.7234042553191         0.01129117111535201
536.4406779661016         0.01026125515633689
534.1772151898733         0.009354954721308335
531.9327731092436         0.008555721653577528
529.7071129707113         0.007849375916054429
527.4999999999999         0.007223767279639687
