791.2499999999999         0.007151801050698718
786.3354037267079         0.007884309234948384
781.4814814814814         0.008777141815699519
776.6871165644171         0.009871600562857118
771.951219512195          0.011223191624611282
767.2727272727273         0.012907696032966282
762.6506024096384         0.015030506076240633
758.0838323353291         0.01774139812502759
753.5714285714284         0.021258672773192648
749.1124260355028         0.02591007432998425
744.705882352941          0.032205117662145434
740.3508771929824         0.04096922064012491
736.0465116279069         0.05360660277057033
731.7919075144507         0.07264929458285223
727.5862068965516         0.10298775523875753
723.4285714285713         0.1548330845818821
719.3181818181816         0.2511240105445323
715.2542372881354         0.4428747890106299
711.2359550561796         0.7856608370549911
707.262569832402          0.9761861779353338
703.3333333333333         0.6567207022408393
699.4475138121546         0.35842786139235716
695.6043956043954         0.20578984119436206
691.8032786885245         0.12865427434325732
688.0434782608695         0.08637270148961725
684.3243243243243         0.06126331587448544
680.6451612903226         0.04534374724205677
677.0053475935828         0.03471445511990362
673.4042553191488         0.02732013472627121
669.8412698412698         0.022004280839375064
666.315789473684          0.01807937426020002
662.8272251308899         0.015117447896480953
659.3749999999999         0.01284159699067544
655.9585492227978         0.011066714760168541
652.5773195876288         0.009665594497190478
649.2307692307692         0.008548751037382608
645.9183673469387         0.00765198455286274
642.6395939086294         0.006928481098501638
639.3939393939393         0.006343662416545357
636.180904522613          0.0058717533599489495
632.9999999999999         0.005493453310954312
629.8507462686566         0.005194337125015255
626.7326732673266         0.0049637524668560366
623.6453201970443         0.00479406679426453
620.5882352941176         0.004680172218541441
617.560975609756          0.004619193525401392
614.5631067961165         0.004610372049534988
611.5942028985506         0.004655121587731313
608.6538461538461         0.004757277026762466
605.7416267942583         0.0049235874738885795
602.8571428571428         0.00516455167800083
599.9999999999999         0.005495768667696868
597.1698113207547         0.005940107685189147
594.3661971830985         0.00653124251406945
591.5887850467288         0.0073195599016598585
588.8372093023255         0.008382393431511766
586.1111111111111         0.009842552941695809
583.4101382488478         0.011903737965939114
580.7339449541283         0.014922833575224165
578.0821917808219         0.019570011298889172
575.4545454545454         0.02722146368732785
572.8506787330316         0.04105825495579201
570.2702702702702         0.0697188586372489
567.7130044843049         0.1423834292351991
565.1785714285713         0.37753458727618405
562.6666666666666         0.7179170393076783
560.1769911504424         0.29917253108886455
557.7092511013215         0.11772408067506682
555.2631578947368         0.05968550548632485
552.8384279475981         0.03579125990730261
550.4347826086956         0.023932921823014857
548.051948051948          0.0172585836130238
545.6896551724137         0.013156816932854616
543.3476394849785         0.010469950140068456
541.025641025641          0.008624178313160613
538.7234042553191         0.007309898551322042
536.4406779661016         0.006348623614673015
534.1772151898733         0.005631899299158899
531.9327731092436         0.005090998125585357
529.7071129707113         0.004680899151709588
527.4999999999999         0.004371366813099052
