791.2499999999999         0.5176152679484508
786.3354037267079         0.5387005081400669
781.4814814814814         0.5586718704165439
776.6871165644171         0.5770710716008771
771.951219512195          0.5934702225339447
767.2727272727273         0.6075052475357072
762.6506024096384         0.6189062818126841
758.0838323353291         0.6275203739347929
753.5714285714284         0.6333229048970433
749.1124260355028         0.6364161443390581
744.705882352941          0.6370157422533442
740.3508771929824         0.6354280176576703
736.0465116279069         0.632022121056943
731.7919075144507         0.6272013205493374
727.5862068965516         0.6213769511545408
723.4285714285713         0.6149473519817648
719.3181818181816         0.6082828095466576
715.2542372881354         0.6017164352630426
711.2359550561796         0.5955401781622708
707.262569832402          0.5900048172910054
703.3333333333333         0.5853227142475828
699.4475138121546         0.5816722282963641
695.6043956043954         0.5792029068759904
691.8032786885245         0.5780407919208048
688.0434782608695         0.5782933846564299
684.3243243243243         0.5800539688138435
680.6451612903226         0.5834051001441617
677.0053475935828         0.5884211326926675
673.4042553191488         0.5951696771049257
669.8412698412698         0.6037118817944571
666.315789473684          0.6141014025725602
662.8272251308899         0.6263818889837963
659.3749999999999         0.6405827761697455
655.9585492227978         0.6567131428824574
652.5773195876288         0.6747533981555381
649.2307692307692         0.6946446178796133
645.9183673469387         0.716275504307276
642.6395939086294         0.7394672307535647
639.3939393939393         0.7639569063929597
636.180904522613          0.7893810832013924
632.9999999999999         0.8152616152806919
629.8507462686566         0.8409971687476508
626.7326732673266         0.8658645318269593
623.6453201970443         0.8890341946905892
620.5882352941176         0.9096039483645421
617.560975609756          0.926652033496245
614.5631067961165         0.9393075360812712
611.5942028985506         0.946830827488344
608.6538461538461         0.9486922349536135
605.7416267942583         0.94463466918634
602.8571428571428         0.9347072047212075
599.9999999999999         0.9192619365944672
597.1698113207547         0.8989144180915685
594.3661971830985         0.8744759398960152
591.5887850467288         0.846871149026376
588.8372093023255         0.817055601446491
586.1111111111111         0.7859451370444165
583.4101382488478         0.754364091438318
580.7339449541283         0.7230142515234896
578.0821917808219         0.6924625267040685
575.4545454545454         0.6631431022676527
572.8506787330316         0.635369218656142
570.2702702702702         0.6093501766099594
567.7130044843049         0.5852101541535581
565.1785714285713         0.5630065172256571
562.6666666666666         0.5427462666273849
560.1769911504424         0.5243999913095545
557.7092511013215         0.5079131865175437
555.2631578947368         0.49321508512822565
552.8384279475981         0.4802252951221995
550.4347826086956         0.46885858509531186
548.051948051948          0.45902815193877605
545.6896551724137         0.4506476677457517
543.3476394849785         0.44363235442534843
541.025641025641          0.4378992851064011
538.7234042553191         0.43336706715706313
536.4406779661016         0.42995502561766014
534.1772151898733         0.42758197958074023
531.9327731092436         0.42616468839255456
529.7071129707113         0.42561604009435294
527.4999999999999         0.4258430617987501
