791.2499999999999         0.39585428598447286
786.3354037267079         0.32330563170880466
781.4814814814814         0.26035338212744374
776.6871165644171         0.2089476888594794
771.951219512195          0.16843800353558497
767.2727272727273         0.13709080947469726
762.6506024096384         0.113001667262485
758.0838323353291         0.09449172556553694
753.5714285714284         0.08021548011082916
749.1124260355028         0.06914354430034146
744.705882352941          0.06050586370887898
740.3508771929824         0.053731777516618985
736.0465116279069         0.04839925170328436
731.7919075144507         0.044195510612155896
727.5862068965516         0.04088774351751223
723.4285714285713         0.03830172416938467
719.3181818181816         0.03630631960175952
715.2542372881354         0.0348022687109416
711.2359550561796         0.03371402108362852
707.262569832402          0.03298376607257214
703.3333333333333         0.03256704337568089
699.4475138121546         0.0324295227848154
695.6043956043954         0.032544688839497925
691.8032786885245         0.0328922790431116
688.0434782608695         0.03345741017249463
684.3243243243243         0.034230389388178836
680.6451612903226         0.035207246002417474
677.0053475935828         0.03639103775161189
673.4042553191488         0.03779399056254497
669.8412698412698         0.039440542710050146
666.315789473684          0.041371415638459114
662.8272251308899         0.043648967443298436
659.3749999999999         0.046364348500978515
655.9585492227978         0.049647421405594624
652.5773195876288         0.053681086187565154
649.2307692307692         0.05872263789999717
645.9183673469387         0.065136127732932
642.6395939086294         0.07344120872490369
639.3939393939393         0.08438429114637519
636.180904522613          0.09903135788832904
632.9999999999999         0.11884808706447629
629.8507462686566         0.14560715029891613
626.7326732673266         0.18058457914146403
623.6453201970443         0.22177264313503509
620.5882352941176         0.25834900517322
617.560975609756          0.2696896851593526
614.5631067961165         0.24403847398623607
611.5942028985506         0.1960019304903066
608.6538461538461         0.14788886771672058
605.7416267942583         0.10998923913912588
602.8571428571428         0.08281278416297273
599.9999999999999         0.0638481746446427
597.1698113207547         0.05059215003194558
594.3661971830985         0.0412102540814912
591.5887850467288         0.03447216199616212
588.8372093023255         0.029572403722238842
586.1111111111111         0.025984046503356725
583.4101382488478         0.023360313970918475
580.7339449541283         0.021472384408661633
578.0821917808219         0.020171013165372717
575.4545454545454         0.019363414417642607
572.8506787330316         0.019000223025021405
570.2702702702702         0.019069802238972873
567.7130044843049         0.01959903662547988
565.1785714285713         0.020661614975508585
562.6666666666666         0.02239748490250221
560.1769911504424         0.02505225903104078
557.7092511013215         0.029056803216852126
555.2631578947368         0.03519601593689282
552.8384279475981         0.04499624474815352
550.4347826086956         0.061714351359673875
548.051948051948          0.09323300250215165
545.6896551724137         0.16207062041201337
543.3476394849785         0.34440127634104084
541.025641025641          0.7922795163432378
538.7234042553191         0.6520315628630676
536.4406779661016         0.25370497533041636
534.1772151898733         0.1158514910324334
531.9327731092436         0.06384945730970451
529.7071129707113         0.04000816453896383
527.4999999999999         0.027399634615582553
