791.2499999999999         0.5532707433515519
786.3354037267079         0.5896486911701163
781.4814814814814         0.627149372833051
776.6871165644171         0.6643682623983489
771.951219512195          0.6996928933533713
767.2727272727273         0.7314603647784765
762.6506024096384         0.7581483807385135
758.0838323353291         0.7785418916652286
753.5714285714284         0.7918158757024881
749.1124260355028         0.7975037730979495
744.705882352941          0.7953685418311194
740.3508771929824         0.7852360345214008
736.0465116279069         0.7668707531016961
731.7919075144507         0.7399673907585811
727.5862068965516         0.7042991248584091
723.4285714285713         0.660004564270308
719.3181818181816         0.6079153726317855
715.2542372881354         0.549760191042931
711.2359550561796         0.4880905633364419
707.262569832402          0.4258968589124944
703.3333333333333         0.36605514339176476
699.4475138121546         0.310837623941519
695.6043956043954         0.2616593862756683
691.8032786885245         0.2190876296354251
688.0434782608695         0.1830247222351124
684.3243243243243         0.15294830690003625
680.6451612903226         0.12812574369744992
677.0053475935828         0.10776830052855296
673.4042553191488         0.09112430104237222
669.8412698412698         0.0775253293139356
666.315789473684          0.06640191226436855
662.8272251308899         0.057281938072958255
659.3749999999999         0.04978077028079254
655.9585492227978         0.043588414631841425
652.5773195876288         0.038456604973273856
649.2307692307692         0.034187141808817725
645.9183673469387         0.030621955717500923
642.6395939086294         0.02763492632186815
639.3939393939393         0.025125288306424392
636.180904522613          0.02301238714640018
632.9999999999999         0.021231543058047697
629.8507462686566         0.019730805950211813
626.7326732673266         0.018468417947971164
623.6453201970443         0.017410834244086636
620.5882352941176         0.016531183723359037
617.560975609756          0.01580807678025608
614.5631067961165         0.015224689060735715
611.5942028985506         0.014768067089843406
608.6538461538461         0.014428615649766111
605.7416267942583         0.014199738102359919
602.8571428571428         0.014077610291356764
599.9999999999999         0.014061076812055102
597.1698113207547         0.01415166580732397
594.3661971830985         0.014353725442857219
591.5887850467288         0.014674692088588945
588.8372093023255         0.01512550697800896
586.1111111111111         0.015721204188737944
583.4101382488478         0.016481696532986145
580.7339449541283         0.017432783428667734
578.0821917808219         0.01860738747422001
575.4545454545454         0.02004697651881741
572.8506787330316         0.021803010051035777
570.2702702702702         0.023937994744535958
567.7130044843049         0.02652522121080485
565.1785714285713         0.02964528347408412
562.6666666666666         0.03337580471224009
560.1769911504424         0.03776833584594169
557.7092511013215         0.04280409260794902
555.2631578947368         0.04832201381760089
552.8384279475981         0.05392816111143013
550.4347826086956         0.05893628970190728
548.051948051948          0.06244184070147359
545.6896551724137         0.06361294738087057
543.3476394849785         0.06209790384845347
541.025641025641          0.05823625120505113
538.7234042553191         0.05286970491637637
536.4406779661016         0.04693002621355126
534.1772151898733         0.04112841565440439
531.9327731092436         0.035869810255014054
529.7071129707113         0.03131299757412338
527.4999999999999         0.0274670995722339
