791.2499999999999         0.5073869239604626
786.3354037267079         0.5007163394563112
781.4814814814814         0.4922290763397717
776.6871165644171         0.4831821499667484
771.951219512195          0.4745970641939897
767.2727272727273         0.4672574352055924
762.6506024096384         0.46174312316872823
758.0838323353291         0.4584779664034593
753.5714285714284         0.4577769725018943
749.1124260355028         0.4598859711518162
744.705882352941          0.46501109579664834
740.3508771929824         0.4733374220701471
736.0465116279069         0.48503641057432867
731.7919075144507         0.5002611216821304
727.5862068965516         0.519126947666181
723.4285714285713         0.5416742545558999
719.3181818181816         0.5678084612756942
715.2542372881354         0.5972138649237538
711.2359550561796         0.6292419624163232
707.262569832402          0.6627859161523374
703.3333333333333         0.6961723929208156
699.4475138121546         0.7271280783978206
695.6043956043954         0.7528979030794591
691.8032786885245         0.7705788436978164
688.0434782608695         0.7776596774133396
684.3243243243243         0.7726313012294315
680.6451612903226         0.7554289181312281
677.0053475935828         0.7274911359273708
673.4042553191488         0.6913956324385291
669.8412698412698         0.6502405469024234
666.315789473684          0.6070309922678929
662.8272251308899         0.5642612385018108
659.3749999999999         0.523743730497469
655.9585492227978         0.48663050793280843
652.5773195876288         0.4535379002905239
649.2307692307692         0.424700565603829
645.9183673469387         0.4001120288054609
642.6395939086294         0.379635103620936
639.3939393939393         0.3630811624621633
636.180904522613          0.35026403156195646
632.9999999999999         0.3410359564391225
629.8507462686566         0.33531244860588466
626.7326732673266         0.3330915274038014
623.6453201970443         0.33447165963486764
620.5882352941176         0.33967180837340694
617.560975609756          0.3490563839783917
614.5631067961165         0.36316727890956485
611.5942028985506         0.3827639503817128
608.6538461538461         0.4088693108615587
605.7416267942583         0.4428108747141301
602.8571428571428         0.4862263261179937
599.9999999999999         0.5409564154353479
597.1698113207547         0.6086520573023778
594.3661971830985         0.6897563093600677
591.5887850467288         0.7813566021337354
588.8372093023255         0.8736899220063787
586.1111111111111         0.9470126634909067
583.4101382488478         0.974571039739991
580.7339449541283         0.9371731030877906
578.0821917808219         0.8400010172079307
575.4545454545454         0.7105166764156111
572.8506787330316         0.5787153252163071
570.2702702702702         0.46276667414858536
567.7130044843049         0.36851701452284186
565.1785714285713         0.29485751208702626
562.6666666666666         0.23820392597220577
560.1769911504424         0.19475308669514355
557.7092511013215         0.1612838949994252
555.2631578947368         0.1352973773741953
552.8384279475981         0.11492646462995498
550.4347826086956         0.09879637651040224
548.051948051948          0.08589763798613569
545.6896551724137         0.07548644580676128
543.3476394849785         0.06701104101319934
541.025641025641          0.06005868520265485
538.7234042553191         0.054317838719842165
536.4406779661016         0.049551211359348334
534.1772151898733         0.045576491479097106
531.9327731092436         0.04225248165434959
529.7071129707113         0.03946905050176647
527.4999999999999         0.03713979332540454
