791.2499999999999         0.6377529317100237
786.3354037267079         0.6066071591998241
781.4814814814814         0.5738610029846961
776.6871165644171         0.5406721792391372
771.951219512195          0.5080070396200559
767.2727272727273         0.4766093146204398
762.6506024096384         0.44700415214255645
758.0838323353291         0.41952442996493544
753.5714285714284         0.3943474146860223
749.1124260355028         0.37153307556504994
744.705882352941          0.35105887548065146
740.3508771929824         0.33284868429830267
736.0465116279069         0.316795329962026
731.7919075144507         0.3027773377889233
727.5862068965516         0.29067085362644896
723.4285714285713         0.28035783604482456
719.3181818181816         0.27173151054594646
715.2542372881354         0.2646999153867697
711.2359550561796         0.2591881954998745
707.262569832402          0.25514014738289204
703.3333333333333         0.2525193941545996
699.4475138121546         0.2513104769025359
695.6043956043954         0.2515200822153148
691.8032786885245         0.2531785810431876
688.0434782608695         0.2563420249436086
684.3243243243243         0.2610947261933862
680.6451612903226         0.26755253101098236
677.0053475935828         0.2758668705797648
673.4042553191488         0.2862296281084433
669.8412698412698         0.2988787682325611
666.315789473684          0.31410449874955215
662.8272251308899         0.3322554099521789
659.3749999999999         0.35374346052334393
655.9585492227978         0.37904569119613857
652.5773195876288         0.4086989167169376
649.2307692307692         0.4432810789740303
645.9183673469387         0.48336917183667466
642.6395939086294         0.5294587259587159
639.3939393939393         0.581824883669824
636.180904522613          0.6403037499945022
632.9999999999999         0.7039833318397796
629.8507462686566         0.7708301815641191
626.7326732673266         0.8373551818293086
623.6453201970443         0.8985314584571774
620.5882352941176         0.9482480772700608
617.560975609756          0.9804705047939026
614.5631067961165         0.9908851152608354
611.5942028985506         0.9783193188908591
608.6538461538461         0.9451375314698925
605.7416267942583         0.8963753146957206
602.8571428571428         0.8381484451775983
599.9999999999999         0.7761665333033276
597.1698113207547         0.7148659987108223
594.3661971830985         0.6571932583099415
591.5887850467288         0.6047987580311583
588.8372093023255         0.5583844279334075
586.1111111111111         0.5180427769508354
583.4101382488478         0.4835216350419197
580.7339449541283         0.45440599871538573
578.0821917808219         0.43023217471652975
575.4545454545454         0.4105542293844718
572.8506787330316         0.39497987434879694
570.2702702702702         0.38318823853527956
567.7130044843049         0.37493782164468314
565.1785714285713         0.3700698784780322
562.6666666666666         0.3685104544903485
560.1769911504424         0.37027300677589847
557.7092511013215         0.37546272420026455
555.2631578947368         0.3842830595224227
552.8384279475981         0.3970443609200432
550.4347826086956         0.4141735323258821
548.051948051948          0.43622188470283335
545.6896551724137         0.463864960693215
543.3476394849785         0.4978817877644769
541.025641025641          0.5390897367250805
538.7234042553191         0.5881927026901327
536.4406779661016         0.6454748191939503
534.1772151898733         0.7102503585416224
531.9327731092436         0.7800045461021292
529.7071129707113         0.8493282379232747
527.4999999999999         0.9091886796011507
