791.2499999999999         0.720783313982926
786.3354037267079         0.6763497311583164
781.4814814814814         0.6265975856087996
776.6871165644171         0.5745656784415534
771.951219512195          0.5227916682797138
767.2727272727273         0.4731402929660847
762.6506024096384         0.4268078565067152
758.0838323353291         0.38442931050916374
753.5714285714284         0.34622144098733354
749.1124260355028         0.31211970853353016
744.705882352941          0.28188931585031035
740.3508771929824         0.2552063177490667
736.0465116279069         0.2317122229770766
731.7919075144507         0.21104810477677793
727.5862068965516         0.19287417370286936
723.4285714285713         0.17687967470811516
719.3181818181816         0.16278669273071572
715.2542372881354         0.1503503397705445
711.2359550561796         0.13935694788865077
707.262569832402          0.12962129133519718
703.3333333333333         0.1209834557503163
699.4475138121546         0.1133057092572524
695.6043956043954         0.10646956478596194
691.8032786885245         0.10037312211211458
688.0434782608695         0.09492871881526455
684.3243243243243         0.09006088618092081
680.6451612903226         0.0857045888919021
677.0053475935828         0.08180371972605832
673.4042553191488         0.07830981835226557
669.8412698412698         0.07518098420716117
666.315789473684          0.07238095583794854
662.8272251308899         0.06987833212926113
659.3749999999999         0.06764591399445942
655.9585492227978         0.06566014813590244
652.5773195876288         0.06390065723455034
649.2307692307692         0.06234984336971987
645.9183673469387         0.06099255358940505
642.6395939086294         0.05981579837160674
639.3939393939393         0.05880851526720113
636.180904522613          0.05796137133015257
632.9999999999999         0.05726659905484842
629.8507462686566         0.056717861484881046
626.7326732673266         0.05631014296101524
623.6453201970443         0.05603966266363109
620.5882352941176         0.05590380869780794
617.560975609756          0.055901090987137206
614.5631067961165         0.05603111170090002
611.5942028985506         0.0562945523525277
608.6538461538461         0.05669317708885811
605.7416267942583         0.05722985204877254
602.8571428571428         0.057908581018464605
599.9999999999999         0.05873455795611588
597.1698113207547         0.05971423731098736
594.3661971830985         0.06085542342822096
591.5887850467288         0.06216738071852909
588.8372093023255         0.06366096668890162
586.1111111111111         0.06534879038191002
583.4101382488478         0.06724539926292902
580.7339449541283         0.06936749812909107
578.0821917808219         0.07173420419104057
575.4545454545454         0.07436734309385809
572.8506787330316         0.07729179128326995
570.2702702702702         0.08053587076353073
567.7130044843049         0.0841318028919197
565.1785714285713         0.08811622834292311
562.6666666666666         0.09253080064676708
560.1769911504424         0.09742286060112369
557.7092511013215         0.10284619812942869
555.2631578947368         0.10886190646512464
552.8384279475981         0.11553933036800862
550.4347826086956         0.12295710470881623
548.051948051948          0.13120427118122538
545.6896551724137         0.14038144773191508
543.3476394849785         0.1506020056801796
541.025641025641          0.16199318099479504
538.7234042553191         0.17469700576109853
536.4406779661016         0.1888708898952253
534.1772151898733         0.20468760778894338
531.9327731092436         0.22233434645011874
529.7071129707113         0.24201034956323797
527.4999999999999         0.26392254933087383
