791.2499999999999         0.06113583122331291
786.3354037267079         0.06380671215863744
781.4814814814814         0.06689826437245394
776.6871165644171         0.07036950060713976
771.951219512195          0.07416824881584733
767.2727272727273         0.07823134948170508
762.6506024096384         0.08248788886125476
758.0838323353291         0.08686574595066386
753.5714285714284         0.09130093403477703
749.1124260355028         0.0957482982689325
744.705882352941          0.10019148902789712
740.3508771929824         0.10465013796647313
736.0465116279069         0.10918290377974171
731.7919075144507         0.1138862164842376
727.5862068965516         0.11888958775604125
723.4285714285713         0.12434880643153487
719.3181818181816         0.13043804019472902
715.2542372881354         0.13734094260720708
711.2359550561796         0.14523956257166362
707.262569832402          0.15429838877317573
703.3333333333333         0.16463945136212282
699.4475138121546         0.1763035110710105
695.6043956043954         0.18919316180989706
691.8032786885245         0.2029985189487354
688.0434782608695         0.21711838775543316
684.3243243243243         0.23061095617690097
680.6451612903226         0.24223078396335238
677.0053475935828         0.2506090222448814
673.4042553191488         0.25457897381045236
669.8412698412698         0.25354167475445993
666.315789473684          0.2476861458127854
662.8272251308899         0.23793044645342995
659.3749999999999         0.2256197133527226
655.9585492227978         0.21215489705810622
652.5773195876288         0.19871877601271476
649.2307692307692         0.1861601237381391
645.9183673469387         0.17500362353927665
642.6395939086294         0.1655223270294215
639.3939393939393         0.15782288303926992
636.180904522613          0.15191835295658968
632.9999999999999         0.14778160648090288
629.8507462686566         0.1453812972327751
626.7326732673266         0.14470525812234383
623.6453201970443         0.14577609259149418
620.5882352941176         0.14866275608079002
617.560975609756          0.15349091695189263
614.5631067961165         0.1604541431864984
611.5942028985506         0.16982749347805853
608.6538461538461         0.18198479301745094
605.7416267942583         0.19742053668852025
602.8571428571428         0.21677656056132907
599.9999999999999         0.24087139847786984
597.1698113207547         0.2707243756929774
594.3661971830985         0.3075519656533555
591.5887850467288         0.35268011296715124
588.8372093023255         0.40724378169834213
586.1111111111111         0.47141273207284506
583.4101382488478         0.5427295227823317
580.7339449541283         0.6133078454822325
578.0821917808219         0.6671453692784549
575.4545454545454         0.6824086887609467
572.8506787330316         0.6440406124387329
570.2702702702702         0.558652620716524
567.7130044843049         0.45166175030753414
565.1785714285713         0.34847239866225876
562.6666666666666         0.26244531626082157
560.1769911504424         0.19616456697630275
557.7092511013215         0.14703094189979402
555.2631578947368         0.1111572514670157
552.8384279475981         0.08501974932497236
550.4347826086956         0.0658812360577251
548.051948051948          0.05174657613267434
545.6896551724137         0.041199362248461074
543.3476394849785         0.033242523753847765
541.025641025641          0.02717367690970189
538.7234042553191         0.02249528460441001
536.4406779661016         0.018852077083115173
534.1772151898733         0.015988025967954685
531.9327731092436         0.01371683483732473
529.7071129707113         0.011901636753380091
527.4999999999999         0.01044094045148124
