791.2499999999999         0.7100332843343785
786.3354037267079         0.7040506203791053
781.4814814814814         0.682923682139028
776.6871165644171         0.6497633834059597
771.951219512195          0.6091546692811703
767.2727272727273         0.5657513238808336
762.6506024096384         0.5232882798802884
758.0838323353291         0.48423505014446827
753.5714285714284         0.4499146325104883
749.1124260355028         0.42081360131299633
744.705882352941          0.3968943229657956
740.3508771929824         0.3778303252226094
736.0465116279069         0.36315418096967494
731.7919075144507         0.3523343854718659
727.5862068965516         0.3448023677508946
723.4285714285713         0.3399477150689337
719.3181818181816         0.33709650384264783
715.2542372881354         0.33548718923157245
711.2359550561796         0.3342608173558981
707.262569832402          0.33248479593665314
703.3333333333333         0.3292266720738533
699.4475138121546         0.32367991653911615
695.6043956043954         0.3153164514178352
691.8032786885245         0.30401249379672596
688.0434782608695         0.29008842544824764
684.3243243243243         0.2742348073517207
680.6451612903226         0.2573504916949587
677.0053475935828         0.2403574850117136
673.4042553191488         0.2240557001112814
669.8412698412698         0.2090482250386566
666.315789473684          0.19573238434879017
662.8272251308899         0.18433303254714417
659.3749999999999         0.17495334103467236
655.9585492227978         0.16762626088238228
652.5773195876288         0.1623588723824922
649.2307692307692         0.15916829475990785
645.9183673469387         0.15811137191473626
642.6395939086294         0.1593119626663254
639.3939393939393         0.1629904624375027
636.180904522613          0.1695010121821713
632.9999999999999         0.17938329471350503
629.8507462686566         0.19343828281912348
626.7326732673266         0.21284087834901166
623.6453201970443         0.23930595338563454
620.5882352941176         0.27532222696667225
617.560975609756          0.3244395197169259
614.5631067961165         0.3914695020763951
611.5942028985506         0.48203800033421895
608.6538461538461         0.5997921306993075
605.7416267942583         0.7377619028290456
602.8571428571428         0.862985326835223
599.9999999999999         0.9152483869673936
597.1698113207547         0.8566956661587058
594.3661971830985         0.7207593725866689
591.5887850467288         0.5709043895225048
588.8372093023255         0.444006526294246
586.1111111111111         0.34773972845892687
583.4101382488478         0.27753930619335027
580.7339449541283         0.22672239685173665
578.0821917808219         0.1897126872061921
575.4545454545454         0.16247944632556316
572.8506787330316         0.1422429717496517
570.2702702702702         0.12710895511458498
567.7130044843049         0.11578379691856537
565.1785714285713         0.10737825314508408
562.6666666666666         0.10127732247876058
560.1769911504424         0.0970547982402878
557.7092511013215         0.09441675001454877
555.2631578947368         0.09316332757038263
552.8384279475981         0.09316177139137861
550.4347826086956         0.09432562193734095
548.051948051948          0.09659624044717187
545.6896551724137         0.0999232458422082
543.3476394849785         0.10424072932139347
541.025641025641          0.10943674360569797
538.7234042553191         0.11531561903325689
536.4406779661016         0.12155759132077089
534.1772151898733         0.12768903410676277
531.9327731092436         0.1330872326658199
529.7071129707113         0.13704743591932292
527.4999999999999         0.13892253875817986
