791.2499999999999         0.8687895110030537
786.3354037267079         0.9223247356596611
781.4814814814814         0.9641282826173813
776.6871165644171         0.989530189455499
771.951219512195          0.9955858043227597
767.2727272727273         0.9819468039593271
762.6506024096384         0.9509266235555451
758.0838323353291         0.9067360942674538
753.5714285714284         0.8543107383571721
749.1124260355028         0.7982600905137014
744.705882352941          0.7422459107467276
740.3508771929824         0.6888025794397248
736.0465116279069         0.6394491365673922
731.7919075144507         0.5949253162416654
727.5862068965516         0.5554381842108419
723.4285714285713         0.5208661870021404
719.3181818181816         0.49090740264950233
715.2542372881354         0.46517799783136526
711.2359550561796         0.4432728968620124
707.262569832402          0.42480034907260644
703.3333333333333         0.409399600095016
699.4475138121546         0.3967481835059448
695.6043956043954         0.3865631498287849
691.8032786885245         0.378598959874675
688.0434782608695         0.3726436981838305
684.3243243243243         0.368514573902382
680.6451612903226         0.36605325024929186
677.0053475935828         0.36512128941988
673.4042553191488         0.3655958548755295
669.8412698412698         0.3673657361208676
666.315789473684          0.37032772535170555
662.8272251308899         0.3743833631058951
659.3749999999999         0.37943606923197426
655.9585492227978         0.38538867738687443
652.5773195876288         0.3921413892418177
649.2307692307692         0.39959015365590633
645.9183673469387         0.4076254532573629
642.6395939086294         0.41613144582812495
639.3939393939393         0.4249853638238732
636.180904522613          0.43405702964479587
632.9999999999999         0.44320830840367526
629.8507462686566         0.4522923086009716
626.7326732673266         0.4611521702299567
623.6453201970443         0.4696193637446149
620.5882352941176         0.47751157147745527
617.560975609756          0.48463043620691615
614.5631067961165         0.49075972722523603
611.5942028985506         0.4956647613856611
608.6538461538461         0.499094169277475
605.7416267942583         0.5007852293536816
602.8571428571428         0.5004738931033519
599.9999999999999         0.49791017255034004
597.1698113207547         0.49287867641196176
594.3661971830985         0.48522279227361165
591.5887850467288         0.4748695326321397
588.8372093023255         0.4618508158415313
586.1111111111111         0.44631648645723765
583.4101382488478         0.42853514692534345
580.7339449541283         0.408880955228949
578.0821917808219         0.3878074783153807
575.4545454545454         0.36581257094161856
572.8506787330316         0.3434000995700223
570.2702702702702         0.3210445696104121
567.7130044843049         0.29916340936606134
565.1785714285713         0.278099436794457
562.6666666666666         0.25811370713134274
560.1769911504424         0.23938716186669193
557.7092511013215         0.2220285605076197
555.2631578947368         0.20608602181971028
552.8384279475981         0.1915598810497891
550.4347826086956         0.1784151963588461
548.051948051948          0.1665928861966784
545.6896551724137         0.15601901976741087
543.3476394849785         0.14661216815273642
541.025641025641          0.13828896047672629
538.7234042553191         0.13096810908506085
536.4406779661016         0.12457320696595671
534.1772151898733         0.11903459177588026
531.9327731092436         0.11429053781198337
529.7071129707113         0.11028799594043348
527.4999999999999         0.10698306124989819
