791.2499999999999         0.013414540376026539
786.3354037267079         0.01395408137630557
781.4814814814814         0.014636179178017628
776.6871165644171         0.01548026916102361
771.951219512195          0.01651137471389154
767.2727272727273         0.017761386015823163
762.6506024096384         0.019270741134767705
758.0838323353291         0.0210906224282548
753.5714285714284         0.023285813814638765
749.1124260355028         0.02593840211275501
744.705882352941          0.029152545266095755
740.3508771929824         0.03306056380892916
736.0465116279069         0.03783062180720506
731.7919075144507         0.04367621506176347
727.5862068965516         0.05086751434111802
723.4285714285713         0.059744212896586255
719.3181818181816         0.07072873677225089
715.2542372881354         0.08433728004230269
711.2359550561796         0.10118393422224072
707.262569832402          0.1219702446642995
703.3333333333333         0.14744961580368193
699.4475138121546         0.1783552880275744
695.6043956043954         0.21528613386894965
691.8032786885245         0.258560734867313
688.0434782608695         0.3080769181630773
684.3243243243243         0.36323854774273084
680.6451612903226         0.42300771252722646
677.0053475935828         0.4860876497553859
673.4042553191488         0.5511563654413122
669.8412698412698         0.6170116433048249
666.315789473684          0.682507036995923
662.8272251308899         0.7462501210299126
659.3749999999999         0.8061525193322525
655.9585492227978         0.8590348282576256
652.5773195876288         0.900583864297719
649.2307692307692         0.92596594163898
645.9183673469387         0.9311680336550612
642.6395939086294         0.9146177792260997
639.3939393939393         0.8781715890651847
636.180904522613          0.8267560212332885
632.9999999999999         0.7668368640229458
629.8507462686566         0.7046405677622453
626.7326732673266         0.6449778081563348
623.6453201970443         0.5909012902089047
620.5882352941176         0.5439418950355349
617.560975609756          0.5045630459662345
614.5631067961165         0.4725945049285786
611.5942028985506         0.44755180591525945
608.6538461538461         0.4288343690573574
605.7416267942583         0.41582731987195315
602.8571428571428         0.4079344612819574
599.9999999999999         0.4045618952628293
597.1698113207547         0.4050633393703818
594.3661971830985         0.4086540264827438
591.5887850467288         0.4143038417031764
588.8372093023255         0.4206357690038978
586.1111111111111         0.42588335347582423
583.4101382488478         0.42798842990724645
580.7339449541283         0.4249120351473491
578.0821917808219         0.4151410914300376
575.4545454545454         0.39820912460594654
572.8506787330316         0.3749386384626971
570.2702702702702         0.3472186976459464
567.7130044843049         0.31742153693198716
565.1785714285713         0.2877751100200795
562.6666666666666         0.25996212039159494
560.1769911504424         0.235012147448619
557.7092511013215         0.21339617787662227
555.2631578947368         0.19519880384019098
552.8384279475981         0.18028389806848413
550.4347826086956         0.168419843778458
548.051948051948          0.1593619616467314
545.6896551724137         0.15290243174800017
543.3476394849785         0.1488999679666279
541.025641025641          0.14729946677626587
538.7234042553191         0.14814926589437047
536.4406779661016         0.15162172796901296
534.1772151898733         0.158041679731459
531.9327731092436         0.1679261308335206
529.7071129707113         0.182035867718326
527.4999999999999         0.2014302403640621
