791.2499999999999         0.9245147809584701
786.3354037267079         0.9625016513867751
781.4814814814814         0.985707040345903
776.6871165644171         0.9925913381714018
771.951219512195          0.9836312431664647
767.2727272727273         0.9610927548915592
762.6506024096384         0.9283554275400674
758.0838323353291         0.8891058230373394
753.5714285714284         0.8466889831019486
749.1124260355028         0.8037458166246606
744.705882352941          0.7621125738165205
740.3508771929824         0.72288775272726
736.0465116279069         0.6865718172508987
731.7919075144507         0.6532164472353067
727.5862068965516         0.6225530197160885
723.4285714285713         0.5940930242228823
719.3181818181816         0.5672056704839447
715.2542372881354         0.5411831055828722
711.2359550561796         0.5153040380349673
707.262569832402          0.48890334624938186
703.3333333333333         0.4614487602394732
699.4475138121546         0.4326168017245536
695.6043956043954         0.40235158555363504
691.8032786885245         0.3708865309398901
688.0434782608695         0.33871482614605997
684.3243243243243         0.3065095645852716
680.6451612903226         0.27501229861537646
677.0053475935828         0.24491964243493963
673.4042553191488         0.21679560178088153
669.8412698412698         0.19102472311078034
666.315789473684          0.16780582328597246
662.8272251308899         0.1471753206579064
659.3749999999999         0.12904571534134482
655.9585492227978         0.11324691748612689
652.5773195876288         0.09956266619798161
649.2307692307692         0.08775865590289046
645.9183673469387         0.07760202192493316
642.6395939086294         0.06887343226330066
639.3939393939393         0.06137357277673592
636.180904522613          0.05492575264831997
632.9999999999999         0.04937603949003738
629.8507462686566         0.04459196206249312
626.7326732673266         0.040460489437300746
623.6453201970443         0.03688573996031772
620.5882352941176         0.03378669088463682
617.560975609756          0.031095036919053364
614.5631067961165         0.02875326773336933
611.5942028985506         0.026712987129709046
608.6538461538461         0.024933469690387823
605.7416267942583         0.023380436787783544
602.8571428571428         0.02202502782292857
599.9999999999999         0.020842941137931562
597.1698113207547         0.019813720133171103
594.3661971830985         0.018920162436508278
591.5887850467288         0.018147832768213093
588.8372093023255         0.017484663002568804
586.1111111111111         0.01692062562914637
583.4101382488478         0.01644746927011025
580.7339449541283         0.01605850709095951
578.0821917808219         0.01574845086792242
575.4545454545454         0.015513285184059972
572.8506787330316         0.015350177768815908
570.2702702702702         0.0152574234300623
567.7130044843049         0.01523442041882937
565.1785714285713         0.015281679488226299
562.6666666666666         0.015400867446361783
560.1769911504424         0.015594888765303279
557.7092511013215         0.015868010932101495
555.2631578947368         0.01622604189844792
552.8384279475981         0.01667657145762509
550.4347826086956         0.017229293011398982
548.051948051948          0.01789642850514346
545.6896551724137         0.01869328806822154
543.3476394849785         0.01963900823103616
541.025641025641          0.020757530209349135
538.7234042553191         0.022078905265699337
536.4406779661016         0.023641051637224346
534.1772151898733         0.025492143354634643
531.9327731092436         0.027693895698305195
529.7071129707113         0.03032614166012131
527.4999999999999         0.033493296022498516
