791.2499999999999         0.006497476515061611
786.3354037267079         0.007106877964684761
781.4814814814814         0.007847473834292499
776.6871165644171         0.008751250960474724
771.951219512195          0.009860527891387144
767.2727272727273         0.011231907034587828
762.6506024096384         0.012942039791062725
758.0838323353291         0.015096176831257167
753.5714285714284         0.017841079748561087
749.1124260355028         0.02138490295726031
744.705882352941          0.026028456960219687
740.3508771929824         0.032215472706994285
736.0465116279069         0.04061529592749839
731.7919075144507         0.0522620556515027
727.5862068965516         0.06879358317249644
723.4285714285713         0.09286636740989664
719.3181818181816         0.12886905493902656
715.2542372881354         0.18406699111935285
711.2359550561796         0.26998328773787883
707.262569832402          0.4018799154852883
703.3333333333333         0.5874967578959063
699.4475138121546         0.790400996570931
695.6043956043954         0.9068458599275205
691.8032786885245         0.8717498482696188
688.0434782608695         0.746913241021614
684.3243243243243         0.6145884045659205
680.6451612903226         0.5076108393719592
677.0053475935828         0.4283780328896072
673.4042553191488         0.371023088633865
669.8412698412698         0.3294797428171457
666.315789473684          0.29913789755829834
662.8272251308899         0.2767473472105614
659.3749999999999         0.2600359093274412
655.9585492227978         0.2473834949913643
652.5773195876288         0.2375944683903413
649.2307692307692         0.22974882372046831
645.9183673469387         0.2231086660141346
642.6395939086294         0.21706293223684803
639.3939393939393         0.2110992491480489
636.180904522613          0.20479541194935266
632.9999999999999         0.1978243484138701
629.8507462686566         0.1899662576512729
626.7326732673266         0.18112083366060988
623.6453201970443         0.17131231152100596
620.5882352941176         0.16068162132585354
617.560975609756          0.14946355777635298
614.5631067961165         0.13795166957190183
611.5942028985506         0.12645764244684193
608.6538461538461         0.11527349224924187
605.7416267942583         0.10464337100825136
602.8571428571428         0.09474824657464272
599.9999999999999         0.08570293827333753
597.1698113207547         0.07756241453201008
594.3661971830985         0.07033336258649721
591.5887850467288         0.06398747652816464
588.8372093023255         0.05847399893903544
586.1111111111111         0.05373020725526355
583.4101382488478         0.04968943721056702
580.7339449541283         0.04628679759531941
578.0821917808219         0.04346300399121115
575.4545454545454         0.04116684008782797
572.8506787330316         0.03935673320427087
570.2702702702702         0.03800187054559981
567.7130044843049         0.03708322505463738
565.1785714285713         0.0365948283692279
562.6666666666666         0.036545639483044096
560.1769911504424         0.03696242781922456
557.7092511013215         0.03789424382724241
555.2631578947368         0.039419332995284675
552.8384279475981         0.0416558381976993
550.4347826086956         0.044778465147645836
548.051948051948          0.04904467810913441
545.6896551724137         0.05483627120310796
543.3476394849785         0.06272561933987804
541.025641025641          0.07357997898135339
538.7234042553191         0.08871660417548256
536.4406779661016         0.11009066323010842
534.1772151898733         0.14033569719824207
531.9327731092436         0.1818616946842907
529.7071129707113         0.23269028781435525
527.4999999999999         0.2770432709819003
