791.2499999999999         0.025389399413800116
786.3354037267079         0.02878425038764232
781.4814814814814         0.033075692161876814
776.6871165644171         0.038549390692102954
771.951219512195          0.04560462956947656
767.2727272727273         0.054805001672460746
762.6506024096384         0.0669516476151907
758.0838323353291         0.0831845067559675
753.5714285714284         0.10510720050629122
749.1124260355028         0.13489323531823907
744.705882352941          0.1752181860567073
740.3508771929824         0.22859284936600116
736.0465116279069         0.295259274437206
731.7919075144507         0.3690226737106452
727.5862068965516         0.43362281318622564
723.4285714285713         0.4679689248451975
719.3181818181816         0.4621751370812715
715.2542372881354         0.42551815639030655
711.2359550561796         0.37554281321516975
707.262569832402          0.3254530759046286
703.3333333333333         0.2813126224972313
699.4475138121546         0.2445642684545391
695.6043956043954         0.21463886940472449
691.8032786885245         0.1903843442307329
688.0434782608695         0.17065465650356249
684.3243243243243         0.15449466145458535
680.6451612903226         0.14116495174522467
677.0053475935828         0.13011430566818258
673.4042553191488         0.120941359415028
669.8412698412698         0.11335971505280891
666.315789473684          0.10717032775847335
662.8272251308899         0.10224146190502453
659.3749999999999         0.09849550355786468
655.9585492227978         0.09590183376949028
652.5773195876288         0.09447523489086523
649.2307692307692         0.09427975606792442
645.9183673469387         0.09543857723481014
642.6395939086294         0.09815118036996773
639.3939393939393         0.10271997363443751
636.180904522613          0.10958895276405896
632.9999999999999         0.11939526337815567
629.8507462686566         0.1330247630499008
626.7326732673266         0.15162675394904834
623.6453201970443         0.17643122744215534
620.5882352941176         0.20792327043352438
617.560975609756          0.2434723502379428
614.5631067961165         0.27314753896464933
611.5942028985506         0.27928528147362536
608.6538461538461         0.2510926234475305
605.7416267942583         0.2005170793731362
602.8571428571428         0.14896156234229638
599.9999999999999         0.10782722393877346
597.1698113207547         0.07829136278734136
594.3661971830985         0.057815064841638376
591.5887850467288         0.043644973046475896
588.8372093023255         0.03371361618217111
586.1111111111111         0.026625469184172093
583.4101382488478         0.021467290968143628
580.7339449541283         0.017642326344667707
578.0821917808219         0.014756320015506563
575.4545454545454         0.012544582683940273
572.8506787330316         0.010826236195818259
570.2702702702702         0.009475471627687823
567.7130044843049         0.008403301957213017
565.1785714285713         0.007545806600486159
562.6666666666666         0.006856435503271497
560.1769911504424         0.006300889102127852
557.7092511013215         0.005853659615917915
555.2631578947368         0.005495662359162876
552.8384279475981         0.0052125950774444384
550.4347826086956         0.0049937927993891585
548.051948051948          0.004831427166430331
545.6896551724137         0.004719951457896866
543.3476394849785         0.004655726866914615
541.025641025641          0.004636788912908975
538.7234042553191         0.004662729558716541
536.4406779661016         0.004734683529687001
534.1772151898733         0.004855418618204103
531.9327731092436         0.005029541190766653
529.7071129707113         0.005263841558480637
527.4999999999999         0.005567821681542914
