791.2499999999999         0.15205270198076665
786.3354037267079         0.14808834062100454
781.4814814814814         0.14590489614495694
776.6871165644171         0.1453264849188463
771.951219512195          0.14622477378090656
767.2727272727273         0.14850854212954093
762.6506024096384         0.15211416289959667
758.0838323353291         0.1569971017134852
753.5714285714284         0.1631245006722468
749.1124260355028         0.17046910229980708
744.705882352941          0.17900506482327896
740.3508771929824         0.18870651816455075
736.0465116279069         0.19954988680544244
731.7919075144507         0.21152092713850534
727.5862068965516         0.22462700144981093
723.4285714285713         0.2389143651809095
719.3181818181816         0.2544893723617583
715.2542372881354         0.2715418218020693
711.2359550561796         0.2903684470672079
707.262569832402          0.3113948025740251
703.3333333333333         0.33519408558819197
699.4475138121546         0.36250084132523674
695.6043956043954         0.3942146135329291
691.8032786885245         0.4313813991134925
688.0434782608695         0.4751263809157072
684.3243243243243         0.526486550208811
680.6451612903226         0.5860563431547603
677.0053475935828         0.6533294105223199
673.4042553191488         0.7256590053237406
669.8412698412698         0.7970171661565774
666.315789473684          0.8573669171196944
662.8272251308899         0.8941795544229449
659.3749999999999         0.8970635428023822
655.9585492227978         0.8634302262990592
652.5773195876288         0.8004184708797744
649.2307692307692         0.7210134580900532
645.9183673469387         0.6379679849741632
642.6395939086294         0.560068096426286
639.3939393939393         0.49168058993294367
636.180904522613          0.43399390259816994
632.9999999999999         0.3864394772690292
629.8507462686566         0.34769030089871344
626.7326732673266         0.3162090602172386
623.6453201970443         0.29049101144258904
620.5882352941176         0.26913911449363476
617.560975609756          0.2508638804310026
614.5631067961165         0.23446610772803395
611.5942028985506         0.21884228317067217
608.6538461538461         0.20303989925480873
605.7416267942583         0.18636859470818667
602.8571428571428         0.16853386766321193
599.9999999999999         0.14971759944214932
597.1698113207547         0.13052660187102952
594.3661971830985         0.11179696314491769
591.5887850467288         0.09433722216495907
588.8372093023255         0.07872959158994129
586.1111111111111         0.06525553344534836
583.4101382488478         0.053930623972750336
580.7339449541283         0.04459163688788599
578.0821917808219         0.0369852564002369
575.4545454545454         0.030833734760923787
572.8506787330316         0.02587381784570177
570.2702702702702         0.02187494026810306
567.7130044843049         0.018644424013760087
565.1785714285713         0.016025805141786427
562.6666666666666         0.01389421303790194
560.1769911504424         0.012150980873319806
557.7092511013215         0.010718540998799436
555.2631578947368         0.009536020845940305
552.8384279475981         0.008555629279594114
550.4347826086956         0.007739776610441014
548.051948051948          0.007058818595133685
545.6896551724137         0.0064893069402379554
543.3476394849785         0.006012640101670084
541.025641025641          0.005614025608559064
538.7234042553191         0.005281682828004167
536.4406779661016         0.005006230678662202
534.1772151898733         0.004780217655094213
531.9327731092436         0.004597761746345264
529.7071129707113         0.004454275802503882
527.4999999999999         0.0043462600617373065
