791.2499999999999         0.1496719775128849
786.3354037267079         0.15369460349040268
781.4814814814814         0.15984246089630127
776.6871165644171         0.16926416080220663
771.951219512195          0.1834164458306406
767.2727272727273         0.2043253781069711
762.6506024096384         0.23494605161647827
758.0838323353291         0.2795104431691593
753.5714285714284         0.34316548970984245
749.1124260355028         0.42805776992784655
744.705882352941          0.5188802442482021
740.3508771929824         0.5618720654028898
736.0465116279069         0.5022038976900983
731.7919075144507         0.37601892016612704
727.5862068965516         0.25789188148520675
723.4285714285713         0.1745483050924381
719.3181818181816         0.12073637632330476
715.2542372881354         0.08630212119221115
711.2359550561796         0.06381944395723262
707.262569832402          0.04871330175835271
703.3333333333333         0.038261637349344
699.4475138121546         0.030831669191875525
695.6043956043954         0.02542145380139872
691.8032786885245         0.021399363890820734
688.0434782608695         0.018356332882252087
684.3243243243243         0.016020640622934526
680.6451612903226         0.014207604681761406
677.0053475935828         0.012789123964110806
673.4042553191488         0.011674781051929694
669.8412698412698         0.010799842508311874
666.315789473684          0.010117477586313916
662.8272251308899         0.00959361856045779
659.3749999999999         0.009203513688395818
655.9585492227978         0.008929389409257369
652.5773195876288         0.008758856005630604
649.2307692307692         0.008683823098340421
645.9183673469387         0.008699772841123594
642.6395939086294         0.008805289197574982
639.3939393939393         0.009001772274889118
636.180904522613          0.009293283282447906
632.9999999999999         0.009686470863085413
629.8507462686566         0.010190523441807684
626.7326732673266         0.010817072986714325
623.6453201970443         0.011579939829006888
620.5882352941176         0.01249455243074339
617.560975609756          0.013576800095005014
614.5631067961165         0.014840991967743217
611.5942028985506         0.016296540686697697
608.6538461538461         0.01794305198122212
605.7416267942583         0.019763838203610152
602.8571428571428         0.021718676846294818
599.9999999999999         0.02373797378071264
597.1698113207547         0.02572196667527406
594.3661971830985         0.027549017839350244
591.5887850467288         0.029094749180885535
588.8372093023255         0.030258353030559314
586.1111111111111         0.030986668042367844
583.4101382488478         0.03128556460765989
580.7339449541283         0.031214089005658373
578.0821917808219         0.03086563231256758
575.4545454545454         0.03034546823090497
572.8506787330316         0.029752782738113354
570.2702702702702         0.029170621420641068
567.7130044843049         0.02866302671476386
565.1785714285713         0.028276802737480993
562.6666666666666         0.02804539439457314
560.1769911504424         0.027993199066195126
557.7092511013215         0.028139475832923085
555.2631578947368         0.028501596094309578
552.8384279475981         0.02909769089283112
550.4347826086956         0.029948885127581048
548.051948051948          0.031081354492335473
545.6896551724137         0.03252845662916216
543.3476394849785         0.034333208940602815
541.025641025641          0.0365514339961329
538.7234042553191         0.03925598878098499
536.4406779661016         0.04254266124757232
534.1772151898733         0.046538597200383544
531.9327731092436         0.05141458217452522
529.7071129707113         0.057403268977813296
527.4999999999999         0.06482672832006375
