791.2499999999999         0.2516852382251958
786.3354037267079         0.3123780428932836
781.4814814814814         0.39407098301149995
776.6871165644171         0.502145651102803
771.951219512195          0.6373445275629067
767.2727272727273         0.7852359804414248
762.6506024096384         0.904895943571602
758.0838323353291         0.9425351884023362
753.5714285714284         0.8807383478180861
749.1124260355028         0.7575313923499224
744.705882352941          0.6233434785640921
740.3508771929824         0.5062765811856249
736.0465116279069         0.41346311106085193
731.7919075144507         0.3425927915231849
727.5862068965516         0.28901973857398366
723.4285714285713         0.24842545697117954
719.3181818181816         0.2174417085654685
715.2542372881354         0.19359824371431258
711.2359550561796         0.17512009901983883
707.262569832402          0.16073514338037098
703.3333333333333         0.14952619450556923
699.4475138121546         0.14082512690333446
695.6043956043954         0.13413878116485514
691.8032786885245         0.1290971650765549
688.0434782608695         0.12541676598076082
684.3243243243243         0.12287393667680789
680.6451612903226         0.1212849355716624
677.0053475935828         0.1204903688005781
673.4042553191488         0.12034264870017916
669.8412698412698         0.1206957839289637
666.315789473684          0.12139744132090606
662.8272251308899         0.12228379320903025
659.3749999999999         0.1231781227603129
655.9585492227978         0.12389433655750136
652.5773195876288         0.12424618877486575
649.2307692307692         0.12406196505357844
645.9183673469387         0.12320267901682806
642.6395939086294         0.12158002438341345
639.3939393939393         0.11916931872181408
636.180904522613          0.11601332402485909
632.9999999999999         0.11221525828535632
629.8507462686566         0.10792260055226056
626.7326732673266         0.10330593020488968
623.6453201970443         0.09853789391340124
620.5882352941176         0.09377637465480976
617.560975609756          0.08915388012681989
614.5631067961165         0.08477313946638951
611.5942028985506         0.08070758324557989
608.6538461538461         0.07700491676220667
605.7416267942583         0.07369214950658284
602.8571428571428         0.0707808867683375
599.9999999999999         0.06827216989823363
597.1698113207547         0.06616053844340461
594.3661971830985         0.06443724448791574
591.5887850467288         0.06309269285574971
588.8372093023255         0.062118243452128415
586.1111111111111         0.0615075257037603
583.4101382488478         0.06125740347847167
580.7339449541283         0.061368707094949446
578.0821917808219         0.06184682546267953
575.4545454545454         0.06270222997554259
572.8506787330316         0.06395098384711505
570.2702702702702         0.06561527604279509
567.7130044843049         0.06772400707888372
565.1785714285713         0.07031344368565061
562.6666666666666         0.0734279495533113
560.1769911504424         0.07712078899554235
557.7092511013215         0.0814549883749309
555.2631578947368         0.08650422575717036
552.8384279475981         0.09235370214805161
550.4347826086956         0.09910092826402417
548.051948051948          0.10685634084356387
545.6896551724137         0.11574364574738019
543.3476394849785         0.1258997778578619
541.025641025641          0.13747437931345988
538.7234042553191         0.1506287393395849
536.4406779661016         0.1655342218909449
534.1772151898733         0.1823703366879667
531.9327731092436         0.20132277572791663
529.7071129707113         0.22258190662936603
527.4999999999999         0.24634231791807626
