791.2499999999999         0.00464847986412446
786.3354037267079         0.004056079099384894
781.4814814814814         0.0035824095474665803
776.6871165644171         0.0032001631846004927
771.951219512195          0.0028894056910902135
767.2727272727273         0.0026353737875501088
762.6506024096384         0.002426998028546674
758.0838323353291         0.002255893528247738
753.5714285714284         0.0021156590598196074
749.1124260355028         0.002001383472560753
744.705882352941          0.0019092941618517863
740.3508771929824         0.0018365047210419966
736.0465116279069         0.0017808332189400615
731.7919075144507         0.0017406718934335481
727.5862068965516         0.0017148952956712329
723.4285714285713         0.0017027982047132814
719.3181818181816         0.0017040576814317625
715.2542372881354         0.0017187159141558762
711.2359550561796         0.001747182351896264
707.262569832402          0.0017902552673072286
703.3333333333333         0.0018491645481405624
699.4475138121546         0.0019256393902611281
695.6043956043954         0.002022006901027657
691.8032786885245         0.0021413307427231927
688.0434782608695         0.002287603318150233
684.3243243243243         0.0024660113300904894
680.6451612903226         0.0026833039363805527
677.0053475935828         0.0029483069398184595
673.4042553191488         0.0032726483876961004
669.8412698412698         0.003671795434977122
666.315789473684          0.004166557572462118
662.8272251308899         0.004785301661453639
659.3749999999999         0.005567275181527324
655.9585492227978         0.006567692325107192
652.5773195876288         0.007865690496943207
649.2307692307692         0.009577080870421842
645.9183673469387         0.011875329839727309
642.6395939086294         0.015027099196855487
639.3939393939393         0.01945436520727136
636.180904522613          0.025846660681759056
632.9999999999999         0.03537076892650708
629.8507462686566         0.05007404826061439
626.7326732673266         0.07367028053842452
623.6453201970443         0.11301283278979107
620.5882352941176         0.18028045568407697
617.560975609756          0.2925432906135972
614.5631067961165         0.4510173255360372
611.5942028985506         0.5843195658180073
608.6538461538461         0.5921977877873427
605.7416267942583         0.5096376543326041
602.8571428571428         0.42108822013293856
599.9999999999999         0.3569937384333982
597.1698113207547         0.317576908167442
594.3661971830985         0.2978202828099706
591.5887850467288         0.29426999598565484
588.8372093023255         0.30597170168393323
586.1111111111111         0.33453023024902256
583.4101382488478         0.3843957453889675
580.7339449541283         0.4631948116029521
578.0821917808219         0.5800703914488977
575.4545454545454         0.734225241407282
572.8506787330316         0.8797707207067516
570.2702702702702         0.9048078867813796
567.7130044843049         0.7606162110564022
565.1785714285713         0.5558003477857472
562.6666666666666         0.3879735476212336
560.1769911504424         0.27381041579376925
557.7092511013215         0.1996259661523043
555.2631578947368         0.1510661602418851
552.8384279475981         0.11849297244580008
550.4347826086956         0.09603317139063298
548.051948051948          0.0801510191911822
545.6896551724137         0.06868498021216773
543.3476394849785         0.06028183598098889
541.025641025641          0.05407345927492568
538.7234042553191         0.04949098522119519
536.4406779661016         0.046156023983427184
534.1772151898733         0.04381569195768971
531.9327731092436         0.04230320698132572
529.7071129707113         0.04151391302837627
527.4999999999999         0.041391059940021104
