791.2499999999999         0.38389662671912034
786.3354037267079         0.4216337797736564
781.4814814814814         0.4678098009223047
776.6871165644171         0.5231930814296556
771.951219512195          0.5877944720018365
767.2727272727273         0.660030559532144
762.6506024096384         0.7356324259274638
758.0838323353291         0.8068034008013328
753.5714285714284         0.8627302420225078
749.1124260355028         0.892527788582649
744.705882352941          0.8899463102530937
740.3508771929824         0.8566457108156896
736.0465116279069         0.8011729735598955
731.7919075144507         0.7346412268536568
727.5862068965516         0.6666364245107838
723.4285714285713         0.6034445567233241
719.3181818181816         0.548251551203453
715.2542372881354         0.502123485359948
711.2359550561796         0.46496282865020233
707.262569832402          0.43617416780223667
703.3333333333333         0.41505353768363173
699.4475138121546         0.4009910032883306
695.6043956043954         0.39356654219150483
691.8032786885245         0.3925909423958077
688.0434782608695         0.3981180174210149
684.3243243243243         0.41043343311442815
680.6451612903226         0.4300028933314047
677.0053475935828         0.4573287848939558
673.4042553191488         0.4926088366224963
669.8412698412698         0.5350150804599143
666.315789473684          0.5813895880900967
662.8272251308899         0.6244681101257371
659.3749999999999         0.6519220236955748
655.9585492227978         0.6492612442142792
652.5773195876288         0.6082959614998186
649.2307692307692         0.5349189891791081
645.9183673469387         0.44621653462255106
642.6395939086294         0.3593936967556745
639.3939393939393         0.28441937131498735
636.180904522613          0.2241289686456498
632.9999999999999         0.17738914176098336
629.8507462686566         0.1417050703136626
626.7326732673266         0.11453838365290729
623.6453201970443         0.09376933519138154
620.5882352941176         0.07776563996400211
617.560975609756          0.06531459539117251
614.5631067961165         0.05552788467212643
611.5942028985506         0.04775663713909626
608.6538461538461         0.04152530731046595
605.7416267942583         0.03648305325584564
602.8571428571428         0.032368864070108125
599.9999999999999         0.028986782396335318
597.1698113207547         0.02618831901431245
594.3661971830985         0.023859927955889006
591.5887850467288         0.021914031379293597
588.8372093023255         0.02028253992714937
586.1111111111111         0.018912136697368135
583.4101382488478         0.017760816510943557
580.7339449541283         0.016795326086406537
578.0821917808219         0.015989256647267736
575.4545454545454         0.015321613604658165
572.8506787330316         0.014775738716799103
570.2702702702702         0.014338495627083865
567.7130044843049         0.013999654730226572
565.1785714285713         0.013751431173928874
562.6666666666666         0.013588142695077042
560.1769911504424         0.013505963444724964
557.7092511013215         0.013502757037386313
555.2631578947368         0.013577977519074646
552.8384279475981         0.01373263132938271
550.4347826086956         0.013969297044331261
548.051948051948          0.014292203053726476
545.6896551724137         0.014707366628235411
543.3476394849785         0.015222801330273273
541.025641025641          0.015848803694936204
538.7234042553191         0.016598334867217856
536.4406779661016         0.01748751881563305
534.1772151898733         0.01853628634488047
531.9327731092436         0.019769204053936916
529.7071129707113         0.021216540505917737
527.4999999999999         0.022915639374227477
