791.2499999999999         0.3617062266155108
786.3354037267079         0.3568424027395416
781.4814814814814         0.35725482767093253
776.6871165644171         0.3630595062270184
771.951219512195          0.3745328422309134
767.2727272727273         0.39210520666792825
762.6506024096384         0.41631581578414595
758.0838323353291         0.44769344414817513
753.5714285714284         0.4864988291853586
749.1124260355028         0.5322369770790532
744.705882352941          0.5828643568090037
740.3508771929824         0.6337894143854349
736.0465116279069         0.6772420623380765
731.7919075144507         0.703223090941719
727.5862068965516         0.70301220663838
723.4285714285713         0.6738928505574951
719.3181818181816         0.6211728429724858
715.2542372881354         0.5552980015556055
711.2359550561796         0.486761539036129
707.262569832402          0.42281667173665405
703.3333333333333         0.3670186522127538
699.4475138121546         0.3202756512738628
695.6043956043954         0.2820710069055592
691.8032786885245         0.25131896552025507
688.0434782608695         0.22683220124776068
684.3243243243243         0.20753099854010487
680.6451612903226         0.1925130228198614
677.0053475935828         0.18105820110611273
673.4042553191488         0.17260794005280464
669.8412698412698         0.16673685180703451
666.315789473684          0.16312407758374392
662.8272251308899         0.16152579853912563
659.3749999999999         0.16174779715050294
655.9585492227978         0.16361552527244527
652.5773195876288         0.1669385487089563
649.2307692307692         0.1714667790952284
645.9183673469387         0.17683872601655104
642.6395939086294         0.18252895170814865
639.3939393939393         0.1878142225406812
636.180904522613          0.19179241502262426
632.9999999999999         0.1934922624855539
629.8507462686566         0.1920843322900162
626.7326732673266         0.1871364018942164
623.6453201970443         0.17878953256458638
620.5882352941176         0.1677412973178603
617.560975609756          0.15503286616273634
614.5631067961165         0.1417570739703696
611.5942028985506         0.12882727290027243
608.6538461538461         0.11687355420718347
605.7416267942583         0.1062493213822895
602.8571428571428         0.0970953945381243
599.9999999999999         0.0894161255026222
597.1698113207547         0.08314366768117883
594.3661971830985         0.07818388375182593
591.5887850467288         0.07444619132167321
588.8372093023255         0.07186243125098143
586.1111111111111         0.07039983330671769
583.4101382488478         0.07007243305370296
580.7339449541283         0.07095489522018018
578.0821917808219         0.07320315900070037
575.4545454545454         0.07708818235728208
572.8506787330316         0.0830533586582778
570.2702702702702         0.09181517526880138
567.7130044843049         0.10454538023638524
565.1785714285713         0.1232121208010491
562.6666666666666         0.1512381603212415
560.1769911504424         0.19477703487539993
557.7092511013215         0.26496030308380264
555.2631578947368         0.3797029984246737
552.8384279475981         0.5492799630968748
550.4347826086956         0.6912173322019332
548.051948051948          0.6156237347323038
545.6896551724137         0.4060615969692354
543.3476394849785         0.24605982455968178
541.025641025641          0.15336595603517655
538.7234042553191         0.10091570995179465
536.4406779661016         0.06997501489978487
534.1772151898733         0.050750375268601454
531.9327731092436         0.03821826548676641
529.7071129707113         0.029704710603839248
527.4999999999999         0.02371631932598358
