791.2499999999999         0.04628751049398728
786.3354037267079         0.042514721962115025
781.4814814814814         0.03922037957872801
776.6871165644171         0.036323536624476946
771.951219512195          0.033753541834460485
767.2727272727273         0.03144921755787874
762.6506024096384         0.029358048442350678
758.0838323353291         0.027435532396936257
753.5714285714284         0.02564474114474052
749.1124260355028         0.023956056758188897
744.705882352941          0.022346988302570907
740.3508771929824         0.02080193370953293
736.0465116279069         0.019311746250698904
731.7919075144507         0.017873000241934323
727.5862068965516         0.01648692380203533
723.4285714285713         0.015158059117471888
719.3181818181816         0.013892792840100263
715.2542372881354         0.012697942036356644
711.2359550561796         0.011579570469188262
707.262569832402          0.010542153315275186
703.3333333333333         0.00958812950999306
699.4475138121546         0.008717807334051805
695.6043956043954         0.007929539929763633
691.8032786885245         0.0072200690933835205
688.0434782608695         0.006584942673729626
684.3243243243243         0.006018932664072426
680.6451612903226         0.005516407270227011
677.0053475935828         0.005071633768582755
673.4042553191488         0.004679006487443082
669.8412698412698         0.004333205259298363
666.315789473684          0.0040292952779375675
662.8272251308899         0.003762781058728971
659.3749999999999         0.0035296266567243937
655.9585492227978         0.0033262526045272807
652.5773195876288         0.003149517957592933
649.2307692307692         0.0029966938216200705
645.9183673469387         0.0028654329989820366
642.6395939086294         0.002753739000227868
639.3939393939393         0.0026599366158120944
636.180904522613          0.002582645489862357
632.9999999999999         0.00252075762859734
629.8507462686566         0.002473419460299145
626.7326732673266         0.0024400188994695452
623.6453201970443         0.002420177823902037
620.5882352941176         0.002413750429891343
617.560975609756          0.00242082807857932
614.5631067961165         0.0024417514872668044
611.5942028985506         0.002477131466617568
608.6538461538461         0.0025278798848612626
605.7416267942583         0.0025952531974287826
602.8571428571428         0.0026809117828493195
599.9999999999999         0.002786999575499081
597.1698113207547         0.0029162502364963034
594.3661971830985         0.0030721285876819373
591.5887850467288         0.003259019604254352
588.8372093023255         0.003482482466674917
586.1111111111111         0.0037495948710981972
583.4101382488478         0.004069424360323797
580.7339449541283         0.004453681089021751
578.0821917808219         0.004917633859114744
575.4545454545454         0.005481414670399818
572.8506787330316         0.006171907160205274
570.2702702702702         0.007025530128287264
567.7130044843049         0.008092423276888533
565.1785714285713         0.009442882524375208
562.6666666666666         0.011177500078456373
560.1769911504424         0.01344358439556161
557.7092511013215         0.01646256846804298
555.2631578947368         0.020577324374500338
552.8384279475981         0.02633691308093549
550.4347826086956         0.03465451540882163
548.051948051948          0.04711371506417253
545.6896551724137         0.0665825583968186
543.3476394849785         0.09845101698474928
541.025641025641          0.1528827912909888
538.7234042553191         0.24664211819177706
536.4406779661016         0.38906827667178634
534.1772151898733         0.5122202446585917
531.9327731092436         0.48545988288577085
529.7071129707113         0.3634451992261474
527.4999999999999         0.2572153913156945
