791.2499999999999         0.3101403313502734
786.3354037267079         0.34588026886239787
781.4814814814814         0.3845865894772476
776.6871165644171         0.4249859122497554
771.951219512195          0.46503666457079185
767.2727272727273         0.5019854357445119
762.6506024096384         0.5327098582057873
758.0838323353291         0.5543524186090952
753.5714285714284         0.5650578243447578
749.1124260355028         0.5644838093700786
744.705882352941          0.5538261257537136
740.3508771929824         0.5353692812204942
736.0465116279069         0.5118229306688401
731.7919075144507         0.4857417798384666
727.5862068965516         0.4591871272969095
723.4285714285713         0.4336273922994972
719.3181818181816         0.40999308095499065
715.2542372881354         0.3887973347116607
711.2359550561796         0.37026330773789695
707.262569832402          0.3544309092169737
703.3333333333333         0.3412357915384494
699.4475138121546         0.3305632274049366
695.6043956043954         0.3222826594536783
691.8032786885245         0.31626867268999603
688.0434782608695         0.3124129873150767
684.3243243243243         0.31063076775713117
680.6451612903226         0.3108634483992997
677.0053475935828         0.3130794575528892
673.4042553191488         0.3172736411151509
669.8412698412698         0.32346578244691815
666.315789473684          0.33169832688519457
662.8272251308899         0.34203320403376686
659.3749999999999         0.35454747043310153
655.9585492227978         0.369327356911674
652.5773195876288         0.3864602028725726
649.2307692307692         0.4060237168587329
645.9183673469387         0.4280720637152215
642.6395939086294         0.4526185107792015
639.3939393939393         0.4796148512712778
636.180904522613          0.5089286368274704
632.9999999999999         0.5403204111031654
629.8507462686566         0.5734245303368908
626.7326732673266         0.6077384603395805
623.6453201970443         0.6426260807960973
620.5882352941176         0.6773397839069053
617.560975609756          0.7110634489235895
614.5631067961165         0.7429737372020514
611.5942028985506         0.7723116042241556
608.6538461538461         0.7984514067922911
605.7416267942583         0.8209536062902045
602.8571428571428         0.8395899446995083
599.9999999999999         0.8543363841371316
597.1698113207547         0.8653367229576862
594.3661971830985         0.8728459030183757
591.5887850467288         0.8771648678769164
588.8372093023255         0.8785783258035341
586.1111111111111         0.8773040994560967
583.4101382488478         0.87345945932227
580.7339449541283         0.867047058784015
578.0821917808219         0.8579611597996047
575.4545454545454         0.8460134359546019
572.8506787330316         0.8309761237206417
570.2702702702702         0.8126381354964394
567.7130044843049         0.7908669286909011
565.1785714285713         0.765666161754766
562.6666666666666         0.7372178033984934
560.1769911504424         0.70589877778816
557.7092511013215         0.6722669518516587
555.2631578947368         0.6370182977160419
552.8384279475981         0.6009240288067164
550.4347826086956         0.5647608030990413
548.051948051948          0.5292472585691906
545.6896551724137         0.49499660455820177
543.3476394849785         0.4624895818848639
541.025641025641          0.4320669646874341
538.7234042553191         0.4039373411521143
536.4406779661016         0.3781945547573115
534.1772151898733         0.3548394870822935
531.9327731092436         0.3338020769245489
529.7071129707113         0.3149609318865562
527.4999999999999         0.29815917872787606
