791.2499999999999         0.4222653849318931
786.3354037267079         0.4404177202985381
781.4814814814814         0.42787984950426644
776.6871165644171         0.3875100947485963
771.951219512195          0.3312291779235001
767.2727272727273         0.27171932013026684
762.6506024096384         0.21712292987516205
758.0838323353291         0.17082735449742806
753.5714285714284         0.13328822001854768
749.1124260355028         0.10363628524780792
744.705882352941          0.08058454652595322
740.3508771929824         0.062839370137443
736.0465116279069         0.049257351757427535
731.7919075144507         0.03888880455483535
727.5862068965516         0.030973728967734444
723.4285714285713         0.024919067474168655
719.3181818181816         0.020270239714795024
715.2542372881354         0.016683130453351604
711.2359550561796         0.013899355772028143
707.262569832402          0.01172579393526894
703.3333333333333         0.010018360642266315
699.4475138121546         0.008669524774328776
695.6043956043954         0.007598896432111566
691.8032786885245         0.006746228340835557
688.0434782608695         0.006066259007871882
684.3243243243243         0.0055249361099973665
680.6451612903226         0.005096663975623411
677.0053475935828         0.004762308834901864
673.4042553191488         0.004507767634332393
669.8412698412698         0.004322962582524469
666.315789473684          0.00420116767075017
662.8272251308899         0.0041386090938471
659.3749999999999         0.004134312876862088
655.9585492227978         0.004190204719182484
652.5773195876288         0.004311505193180072
649.2307692307692         0.00450751738737308
645.9183673469387         0.0047929902807604535
642.6395939086294         0.00519039067751268
639.3939393939393         0.005733691993161168
636.180904522613          0.0064748221692958515
632.9999999999999         0.007495001479685678
629.8507462686566         0.008925542416717844
626.7326732673266         0.010988030293530527
623.6453201970443         0.014076852514056422
620.5882352941176         0.018941289333844053
617.560975609756          0.027120853513690066
614.5631067961165         0.04206952823350428
611.5942028985506         0.07209179056971132
608.6538461538461         0.13472345081581438
605.7416267942583         0.22089669091204978
602.8571428571428         0.1946165376237238
599.9999999999999         0.11031456481537771
597.1698113207547         0.06257820759992494
594.3661971830985         0.03931258018745717
591.5887850467288         0.02710555637076472
588.8372093023255         0.02010774409829609
586.1111111111111         0.01579828585865977
583.4101382488478         0.013000144902254712
580.7339449541283         0.011116583506331434
578.0821917808219         0.009823386337968339
575.4545454545454         0.008934721812090488
572.8506787330316         0.008340187369920744
570.2702702702702         0.007973390895495229
567.7130044843049         0.007795578694111441
565.1785714285713         0.007787004407343224
562.6666666666666         0.007942663291237658
560.1769911504424         0.008270850614891715
557.7092511013215         0.008793979870505396
555.2631578947368         0.00955176144279068
552.8384279475981         0.010607501792604692
550.4347826086956         0.012059211875675057
548.051948051948          0.014058811713068445
545.6896551724137         0.016845731227297097
543.3476394849785         0.020807126056710295
541.025641025641          0.026588648333018407
538.7234042553191         0.035301807211432834
536.4406779661016         0.04890621890601382
534.1772151898733         0.07082800283462377
531.9327731092436         0.10637063024779335
529.7071129707113         0.1595136608035478
527.4999999999999         0.21644792072493083
