791.2499999999999         0.8137530102813268
786.3354037267079         0.8255179500029594
781.4814814814814         0.8390251373705278
776.6871165644171         0.853589379168099
771.951219512195          0.8679156428568782
767.2727272727273         0.8801407679121959
762.6506024096384         0.8879864534704843
758.0838323353291         0.8890697743321468
753.5714285714284         0.8813628374776308
749.1124260355028         0.8636991046935723
744.705882352941          0.836142879695386
740.3508771929824         0.8000485532802051
736.0465116279069         0.7577646871873596
731.7919075144507         0.7121079597353959
727.5862068965516         0.6658211188537532
723.4285714285713         0.621188178230933
719.3181818181816         0.5798667289556432
715.2542372881354         0.5428996607250208
711.2359550561796         0.5108289537488068
707.262569832402          0.48384204891177574
703.3333333333333         0.4619079249094574
699.4475138121546         0.4448847787429981
695.6043956043954         0.43259679147427293
691.8032786885245         0.4248845552007661
688.0434782608695         0.421635441806966
684.3243243243243         0.42279921272495546
680.6451612903226         0.4283921178392351
677.0053475935828         0.4384903432830931
673.4042553191488         0.4532111865190428
669.8412698412698         0.47267789038453134
666.315789473684          0.4969620375148182
662.8272251308899         0.5259968797571137
659.3749999999999         0.5594582486733125
655.9585492227978         0.5966204012192106
652.5773195876288         0.6362158558534563
649.2307692307692         0.6763596145518492
645.9183673469387         0.7146245419302016
642.6395939086294         0.7483438693709166
639.3939393939393         0.7751361633481663
636.180904522613          0.7935107977063284
632.9999999999999         0.8033089933165241
629.8507462686566         0.8057769366603322
626.7326732673266         0.8032542103052114
623.6453201970443         0.7986523384562181
620.5882352941176         0.7949532886242068
617.560975609756          0.7948702585497545
614.5631067961165         0.8006796410200113
611.5942028985506         0.8141336445975859
608.6538461538461         0.8363072842233794
605.7416267942583         0.8671915114823556
602.8571428571428         0.9048090159164227
599.9999999999999         0.9437048912012035
597.1698113207547         0.9731959189317247
594.3661971830985         0.9772237050781208
591.5887850467288         0.9392426723689845
588.8372093023255         0.8528904188762331
586.1111111111111         0.7298535065443978
583.4101382488478         0.5941240298979374
580.7339449541283         0.46765424253154736
578.0821917808219         0.3619356117636895
575.4545454545454         0.27904977095679806
572.8506787330316         0.21619973733205491
570.2702702702702         0.1691918189997165
567.7130044843049         0.13409812957160397
565.1785714285713         0.10776990952642375
562.6666666666666         0.0878485458844025
560.1769911504424         0.0726198109387165
557.7092511013215         0.060851786706815465
555.2631578947368         0.05166017835445404
552.8384279475981         0.044407420356268344
550.4347826086956         0.0386304251395933
548.051948051948          0.033989834288637076
545.6896551724137         0.030234598255939788
543.3476394849785         0.027177236815707814
541.025641025641          0.024676479164305556
538.7234042553191         0.02262499984878474
536.4406779661016         0.0209406875053067
534.1772151898733         0.019560379443375048
531.9327731092436         0.01843533227424609
529.7071129707113         0.017527927183187193
527.4999999999999         0.016809263493354803
