791.2499999999999         0.21920344591587604
786.3354037267079         0.2750709336880561
781.4814814814814         0.34987003718910037
776.6871165644171         0.4485351953677633
771.951219512195          0.572942555762489
767.2727272727273         0.714572433551256
762.6506024096384         0.8451714535558902
758.0838323353291         0.9201626574727935
753.5714285714284         0.9094610966389534
749.1124260355028         0.8258310146620041
744.705882352941          0.7088296008611239
740.3508771929824         0.591579974904958
736.0465116279069         0.48953352978388526
731.7919075144507         0.4059758716887466
727.5862068965516         0.3390222268820581
723.4285714285713         0.28547249482374715
719.3181818181816         0.24231215818472687
715.2542372881354         0.20711733721860162
711.2359550561796         0.1780577477098647
707.262569832402          0.15378665745947878
703.3333333333333         0.13332017363363574
699.4475138121546         0.11593568663246506
695.6043956043954         0.10109426717998395
691.8032786885245         0.08838432748253874
688.0434782608695         0.07748224488196692
684.3243243243243         0.06812578201290803
680.6451612903226         0.060096722578969614
677.0053475935828         0.053209822682737204
673.4042553191488         0.04730585608216249
669.8412698412698         0.04224715609045657
666.315789473684          0.037914585668101235
662.8272251308899         0.034205276868374185
659.3749999999999         0.03103077018983699
655.9585492227978         0.028315370360066806
652.5773195876288         0.02599464282655466
649.2307692307692         0.02401403013967045
645.9183673469387         0.022327590329796768
642.6395939086294         0.020896865181289918
639.3939393939393         0.0196898844408185
636.180904522613          0.0186803078314749
632.9999999999999         0.017846702952340043
629.8507462686566         0.01717195482367245
626.7326732673266         0.016642802283582624
623.6453201970443         0.016249497621985652
620.5882352941176         0.015985588676462326
617.560975609756          0.015847827156107216
614.5631067961165         0.015836213472896127
611.5942028985506         0.015954197445328652
608.6538461538461         0.016209066970105268
605.7416267942583         0.01661257491455757
602.8571428571428         0.017181880943249503
599.9999999999999         0.01794092439430989
597.1698113207547         0.018922404189196492
594.3661971830985         0.020170634430672983
591.5887850467288         0.021745690263976478
588.8372093023255         0.023729491917719163
586.1111111111111         0.026234852883191693
583.4101382488478         0.029419136124075106
580.7339449541283         0.03350517306111802
578.0821917808219         0.03881372747721986
575.4545454545454         0.045814266213312596
572.8506787330316         0.05520398318212636
570.2702702702702         0.06802663975806081
567.7130044843049         0.0858317402966029
565.1785714285713         0.11080784922877401
562.6666666666666         0.14556219699887932
560.1769911504424         0.19146038186633907
557.7092511013215         0.24343611923142283
555.2631578947368         0.2828700531572566
552.8384279475981         0.28552603100773133
550.4347826086956         0.250433325707979
548.051948051948          0.20086685960322603
545.6896551724137         0.15583391180229342
543.3476394849785         0.12111233526843473
541.025641025641          0.09582514220042368
538.7234042553191         0.07761590356388934
536.4406779661016         0.06440844483975851
534.1772151898733         0.05469883034798425
531.9327731092436         0.04745933521905514
529.7071129707113         0.04199680463089482
527.4999999999999         0.03784178130939951
