791.2499999999999         0.5499034512129739
786.3354037267079         0.576881416692692
781.4814814814814         0.602824013751233
776.6871165644171         0.6270036022146265
771.951219512195          0.6486853641033747
767.2727272727273         0.6671901393253162
762.6506024096384         0.6819612645713079
758.0838323353291         0.6926240130474705
753.5714285714284         0.6990261571253178
749.1124260355028         0.7012515644605307
744.705882352941          0.6996047325343979
740.3508771929824         0.6945707076352503
736.0465116279069         0.6867596551436485
731.7919075144507         0.676847073829777
727.5862068965516         0.6655193024706847
723.4285714285713         0.653430677439474
719.3181818181816         0.6411749357570063
715.2542372881354         0.629270359731956
711.2359550561796         0.6181562471160561
707.262569832402          0.608197541328568
703.3333333333333         0.599694548390135
699.4475138121546         0.5928952146832748
695.6043956043954         0.5880081293857983
691.8032786885245         0.5852150503743847
688.0434782608695         0.5846822374067532
684.3243243243243         0.5865701827827441
680.6451612903226         0.5910414607421483
677.0053475935828         0.5982663823546817
673.4042553191488         0.6084259430454386
669.8412698412698         0.6217111680615818
666.315789473684          0.6383173606607684
662.8272251308899         0.6584308901987653
659.3749999999999         0.6822049882008705
655.9585492227978         0.7097195949221932
652.5773195876288         0.7409188833221891
649.2307692307692         0.7755194410984646
645.9183673469387         0.8128838979296559
642.6395939086294         0.8518621312729311
639.3939393939393         0.8906195180843713
636.180904522613          0.926502792531261
632.9999999999999         0.9560356563571436
629.8507462686566         0.9751669230164359
626.7326732673266         0.9798671225989979
623.6453201970443         0.9670355529823011
620.5882352941176         0.9354553727864167
617.560975609756          0.8863657879256802
614.5631067961165         0.8233074369810067
611.5942028985506         0.7512612585589526
608.6538461538461         0.6754791196006756
605.7416267942583         0.6004970489039558
602.8571428571428         0.5296106437013107
599.9999999999999         0.4648055159057315
597.1698113207547         0.4069722045677123
594.3661971830985         0.35622247086135517
591.5887850467288         0.31218762594938015
588.8372093023255         0.27424836702794775
586.1111111111111         0.24168991162009226
583.4101382488478         0.213795874341796
580.7339449541283         0.18989876552381904
578.0821917808219         0.16940266118035735
575.4545454545454         0.15178942880666366
572.8506787330316         0.13661604943882993
570.2702702702702         0.12350768622136564
567.7130044843049         0.11214919557770103
565.1785714285713         0.10227654284044135
562.6666666666666         0.09366884391888489
560.1769911504424         0.08614133097710974
557.7092511013215         0.07953931016219781
555.2631578947368         0.07373306350650655
552.8384279475981         0.0686135959275026
550.4347826086956         0.06408911224354878
548.051948051948          0.06008211114591956
545.6896551724137         0.05652699341216005
543.3476394849785         0.05336809502459618
541.025641025641          0.050558069524414245
538.7234042553191         0.048056556577965884
536.4406779661016         0.04582908483619619
534.1772151898733         0.04384616661937616
531.9327731092436         0.04208254984994197
529.7071129707113         0.040516599163554955
527.4999999999999         0.03912978345441559
