791.2499999999999         0.06988748822063537
786.3354037267079         0.06567413776321815
781.4814814814814         0.06156422066368652
776.6871165644171         0.0576251660390671
771.951219512195          0.05390453094628513
767.2727272727273         0.05043323496585094
762.6506024096384         0.047228909774082846
758.0838323353291         0.044299019230329514
753.5714285714284         0.04164358528854514
749.1124260355028         0.03925747073632613
744.705882352941          0.03713223577558467
740.3508771929824         0.03525761805217589
736.0465116279069         0.03362269823050755
731.7919075144507         0.03221681487691252
727.5862068965516         0.031030289091596063
723.4285714285713         0.03005501441757362
719.3181818181816         0.029284962971221108
715.2542372881354         0.02871665559369615
711.2359550561796         0.02834964287517825
707.262569832402          0.02818704585493329
703.3333333333333         0.028236210898880086
699.4475138121546         0.02850954387890192
695.6043956043954         0.029025606030001882
691.8032786885245         0.029810580215783915
688.0434782608695         0.030900255323995863
684.3243243243243         0.03234273302320686
680.6451612903226         0.034202141431308695
677.0053475935828         0.036563751307108545
673.4042553191488         0.03954103639024101
669.8412698412698         0.04328539157801505
666.315789473684          0.04799936985488575
662.8272251308899         0.05395425289648225
659.3749999999999         0.06151205587659317
655.9585492227978         0.07114945121229868
652.5773195876288         0.08347360557439557
649.2307692307692         0.09920111893148208
645.9183673469387         0.11903010810333509
642.6395939086294         0.1432654826375416
639.3939393939393         0.17101064784623757
636.180904522613          0.1989707723376516
632.9999999999999         0.22087705620142042
629.8507462686566         0.22963543360812985
626.7326732673266         0.2222160815804327
623.6453201970443         0.20219124249431483
620.5882352941176         0.17653954794197455
617.560975609756          0.15105733038914182
614.5631067961165         0.12871841020185715
611.5942028985506         0.11035693127396821
608.6538461538461         0.09575022970118208
605.7416267942583         0.08432125613142871
602.8571428571428         0.07546490295619475
599.9999999999999         0.06866400181614077
597.1698113207547         0.06351317889290987
594.3661971830985         0.059709726923044125
591.5887850467288         0.05703648508135726
588.8372093023255         0.05534594306713262
586.1111111111111         0.05454837745751562
583.4101382488478         0.05460456361609738
580.7339449541283         0.05552305609456426
578.0821917808219         0.05736218855141342
575.4545454545454         0.06023745169852971
572.8506787330316         0.06433569689892242
570.2702702702702         0.0699387582406736
567.7130044843049         0.07746072490293207
565.1785714285713         0.08750528937107623
562.6666666666666         0.10095183897222189
560.1769911504424         0.11907844525776438
557.7092511013215         0.14371583573771288
555.2631578947368         0.17736280226773862
552.8384279475981         0.2229767422411726
550.4347826086956         0.2825704801150898
548.051948051948          0.35284262368463165
545.6896551724137         0.41749853155211786
543.3476394849785         0.4468714339980777
541.025641025641          0.42236052904351856
538.7234042553191         0.3595950836947278
536.4406779661016         0.28866166557002687
534.1772151898733         0.2274931013830696
531.9327731092436         0.1803202897184085
529.7071129707113         0.1453889111332238
527.4999999999999         0.11973016945400668
