791.2499999999999         0.27587410415776015
786.3354037267079         0.3159334605515315
781.4814814814814         0.3672320169779715
776.6871165644171         0.43268335709317657
771.951219512195          0.5153017714508838
767.2727272727273         0.616868197967847
762.6506024096384         0.7346255203274207
758.0838323353291         0.8551595469358506
753.5714285714284         0.9483283744992214
749.1124260355028         0.9732908558084375
744.705882352941          0.9071586573396322
740.3508771929824         0.7704023110487885
736.0465116279069         0.6099218956425492
731.7919075144507         0.46302824903171674
727.5862068965516         0.34480558795030025
723.4285714285713         0.25557299726825505
719.3181818181816         0.19011679913566612
715.2542372881354         0.14255101852138743
711.2359550561796         0.1079658951511778
707.262569832402          0.08267672230166506
703.3333333333333         0.06403403546763302
699.4475138121546         0.05016311633750665
695.6043956043954         0.03974196736436759
691.8032786885245         0.03183570669158751
688.0434782608695         0.025779260042337753
684.3243243243243         0.021095936143470967
680.6451612903226         0.01744125285099685
677.0053475935828         0.01456414923149719
673.4042553191488         0.012280083984299785
669.8412698412698         0.010452261316649752
666.315789473684          0.008978435297575922
662.8272251308899         0.007781565065952167
659.3749999999999         0.0068031461221887855
655.9585492227978         0.005998414675084321
652.5773195876288         0.005332872681608041
649.2307692307692         0.004779751063631948
645.9183673469387         0.004318144353463673
642.6395939086294         0.0039316294410679815
639.3939393939393         0.003607235952110943
636.180904522613          0.00333467393896214
632.9999999999999         0.003105751290229583
629.8507462686566         0.002913932117529172
626.7326732673266         0.0027540007785009173
623.6453201970443         0.00262180579608051
620.5882352941176         0.002514064875214355
617.560975609756          0.0024282172914955953
614.5631067961165         0.002362313688213026
611.5942028985506         0.0023149361661968957
608.6538461538461         0.002285143774935603
605.7416267942583         0.0022724403346847015
602.8571428571428         0.0022767631171964064
599.9999999999999         0.0022984924488870465
597.1698113207547         0.002338483940330559
594.3661971830985         0.0023981269852449286
591.5887850467288         0.0024794356694461807
588.8372093023255         0.002585181658942148
586.1111111111111         0.0027190835662322787
583.4101382488478         0.0028860746292309566
580.7339449541283         0.003092681756661282
578.0821917808219         0.0033475665796967626
575.4545454545454         0.0036623073780071382
572.8506787330316         0.004052547183238034
570.2702702702702         0.00453971177315185
567.7130044843049         0.005153637515623837
565.1785714285713         0.0059366933866221204
562.6666666666666         0.0069504355951972565
560.1769911504424         0.008286711617641654
557.7092511013215         0.010086908740245615
555.2631578947368         0.01257683616963647
552.8384279475981         0.016133331368915576
550.4347826086956         0.021419621564411233
548.051948051948          0.029681924391322938
545.6896551724137         0.04346205336086424
543.3476394849785         0.06851489045881007
541.025641025641          0.1197166289057858
538.7234042553191         0.24176331617572572
536.4406779661016         0.5685750828332913
534.1772151898733         0.9988805271127436
531.9327731092436         0.6176690557603722
529.7071129707113         0.29832611244036816
527.4999999999999         0.16855544176554518
