791.2499999999999         0.47211616619017405
786.3354037267079         0.49862226970365947
781.4814814814814         0.5170907806584042
776.6871165644171         0.5245222841672259
771.951219512195          0.5200701709317577
767.2727272727273         0.5054060530882599
762.6506024096384         0.483975339873738
758.0838323353291         0.45971176323371393
753.5714285714284         0.43600046276094284
749.1124260355028         0.4152400153516994
744.705882352941          0.39888169705534715
740.3508771929824         0.38767188226867305
736.0465116279069         0.3818932736443148
731.7919075144507         0.3815055660005579
727.5862068965516         0.38614505114323816
723.4285714285713         0.39496024355571907
719.3181818181816         0.40627803017812925
715.2542372881354         0.41717935647767634
711.2359550561796         0.42329124867797036
707.262569832402          0.41940890251854984
703.3333333333333         0.40143830824622173
699.4475138121546         0.3689123237060933
695.6043956043954         0.3258721332947767
691.8032786885245         0.2788760221068936
688.0434782608695         0.23386934000911047
684.3243243243243         0.1944049059708555
680.6451612903226         0.1616930173541879
677.0053475935828         0.13547744000120762
673.4042553191488         0.11486299000351761
669.8412698412698         0.0988190251068249
666.315789473684          0.08641049614827759
662.8272251308899         0.07687249114041278
659.3749999999999         0.06961317072105692
655.9585492227978         0.06419118986357694
652.5773195876288         0.06028864603079783
649.2307692307692         0.0576877293856811
645.9183673469387         0.05625351754978739
642.6395939086294         0.05592312270365631
639.3939393939393         0.056700626973025456
636.180904522613          0.058656783184502764
632.9999999999999         0.06193134781796661
629.8507462686566         0.06673262955449814
626.7326732673266         0.07332024854497775
623.6453201970443         0.0819373112348337
620.5882352941176         0.09262092633236128
617.560975609756          0.10478181338884639
614.5631067961165         0.11652950235535219
611.5942028985506         0.12424887994663737
608.6538461538461         0.12380686412567497
605.7416267942583         0.11378712372149456
602.8571428571428         0.09724490851070064
599.9999999999999         0.07913136100497477
597.1698113207547         0.06291906315998225
594.3661971830985         0.049852968123331357
591.5887850467288         0.03983837537596222
588.8372093023255         0.03231277200836761
586.1111111111111         0.026678193534074697
583.4101382488478         0.022442090294031863
580.7339449541283         0.019234779852005557
578.0821917808219         0.016789060839915732
575.4545454545454         0.01491445462986298
572.8506787330316         0.013475614402445
570.2702702702702         0.012376345610661163
567.7130044843049         0.011548376091858988
565.1785714285713         0.010943663507771066
562.6666666666666         0.010529225409887832
560.1769911504424         0.010283762639768277
557.7092511013215         0.010195594847493059
555.2631578947368         0.010261621518491438
552.8384279475981         0.010487178527095659
550.4347826086956         0.010886802817449952
548.051948051948          0.011486075286938255
545.6896551724137         0.012324923569749627
543.3476394849785         0.013463094672302413
541.025641025641          0.014989063642016414
538.7234042553191         0.01703464069663899
536.4406779661016         0.019799396097377693
534.1772151898733         0.023592595716667844
531.9327731092436         0.028907390015508797
529.7071129707113         0.03655604485894693
527.4999999999999         0.04792217440139658
