791.2499999999999         0.4226410338051615
786.3354037267079         0.4106003173509376
781.4814814814814         0.3993445104234413
776.6871165644171         0.39014109124321367
771.951219512195          0.3837057481824668
767.2727272727273         0.38040338940331275
762.6506024096384         0.3803980817505151
758.0838323353291         0.38374890013784163
753.5714285714284         0.3904628548721866
749.1124260355028         0.40051682850580245
744.705882352941          0.4138572084854896
740.3508771929824         0.4303826041370961
736.0465116279069         0.4499130310274309
731.7919075144507         0.47214866480658024
727.5862068965516         0.4966228964333495
723.4285714285713         0.5226579208589718
719.3181818181816         0.5493358019816368
715.2542372881354         0.575502028708686
711.2359550561796         0.5998187301882648
707.262569832402          0.6208771664234808
703.3333333333333         0.6373622293964183
699.4475138121546         0.6482394275510042
695.6043956043954         0.6529175682772943
691.8032786885245         0.6513399682322929
688.0434782608695         0.6439777402334074
684.3243243243243         0.6317317031295534
680.6451612903226         0.6157778377181502
677.0053475935828         0.597401950131767
673.4042553191488         0.5778611976387413
669.8412698412698         0.5582920904761511
666.315789473684          0.5396669908440094
662.8272251308899         0.5227900813318281
659.3749999999999         0.5083199977333839
655.9585492227978         0.49680748782885614
652.5773195876288         0.4887397288338098
649.2307692307692         0.48458625822358364
645.9183673469387         0.48484370594096965
642.6395939086294         0.49007696844563226
639.3939393939393         0.5009522090407602
636.180904522613          0.5182500773776262
632.9999999999999         0.542831487395235
629.8507462686566         0.5754951918023243
626.7326732673266         0.616605566038275
623.6453201970443         0.6652818451632779
620.5882352941176         0.7179035923483945
617.560975609756          0.766017144233203
614.5631067961165         0.7950695200686291
611.5942028985506         0.7876030367993566
608.6538461538461         0.7334228897956538
605.7416267942583         0.6396771805817442
602.8571428571428         0.5278407215305478
599.9999999999999         0.4196585668169904
597.1698113207547         0.3274891557217019
594.3661971830985         0.25446759161783117
591.5887850467288         0.19873267840696265
588.8372093023255         0.15684283516109743
586.1111111111111         0.12544175998643353
583.4101382488478         0.10179875523220105
580.7339449541283         0.08385362301621765
578.0821917808219         0.0701024579148228
575.4545454545454         0.05946104700127292
572.8506787330316         0.051149190398030384
570.2702702702702         0.044603383282428154
567.7130044843049         0.03941405061934901
565.1785714285713         0.035281379095159895
562.6666666666666         0.031984483445749286
560.1769911504424         0.029359918718569043
557.7092511013215         0.02728670385342065
555.2631578947368         0.025675905570337835
552.8384279475981         0.0244634677011815
550.4347826086956         0.02360542193568631
548.051948051948          0.023074942054538382
545.6896551724137         0.02286095595121718
543.3476394849785         0.022968252322004064
541.025641025641          0.02341925716504472
538.7234042553191         0.024257967863068816
536.4406779661016         0.025557012431803083
534.1772151898733         0.027429614167135435
531.9327731092436         0.030049701975958673
529.7071129707113         0.033686126354148326
527.4999999999999         0.0387620975098807
