791.2499999999999         0.008302035540872717
786.3354037267079         0.00908503812480597
781.4814814814814         0.010026378789227467
776.6871165644171         0.011160291111604027
771.951219512195          0.01252932045194067
767.2727272727273         0.014185898503526905
762.6506024096384         0.016193711592483194
758.0838323353291         0.018628271300012073
753.5714285714284         0.02157558665879875
749.1124260355028         0.02512709703574154
744.705882352941          0.02936818742160064
740.3508771929824         0.034357238698261613
736.0465116279069         0.04009362222896142
731.7919075144507         0.046478446956561774
727.5862068965516         0.053282381581602346
723.4285714285713         0.06014629838025238
719.3181818181816         0.06663960926850186
715.2542372881354         0.07237428638877395
711.2359550561796         0.077129470833486
707.262569832402          0.0809227355509921
703.3333333333333         0.08399714021004576
699.4475138121546         0.08674945193995996
695.6043956043954         0.08965238350780277
691.8032786885245         0.09321027089253917
688.0434782608695         0.09796089045277517
684.3243243243243         0.10452139375007571
680.6451612903226         0.11367864310673333
677.0053475935828         0.12653922043526064
673.4042553191488         0.1447814506311475
669.8412698412698         0.17109972706957036
666.315789473684          0.21001914008694336
662.8272251308899         0.26939384311852055
659.3749999999999         0.36288872057420685
655.9585492227978         0.511890872762943
652.5773195876288         0.7325061220402086
649.2307692307692         0.9568973080339046
645.9183673469387         0.9620599453021607
642.6395939086294         0.7227126005162067
639.3939393939393         0.4762318668465192
636.180904522613          0.31299553618792175
632.9999999999999         0.2145889490660782
629.8507462686566         0.15456108409754044
626.7326732673266         0.1165053557462245
623.6453201970443         0.09137283032888863
620.5882352941176         0.07416382418114016
617.560975609756          0.06202536930385417
614.5631067961165         0.05326592974906781
611.5942028985506         0.04684553550408472
608.6538461538461         0.04210460145000885
605.7416267942583         0.03861468180925358
602.8571428571428         0.03609360064413847
599.9999999999999         0.03435590748008051
597.1698113207547         0.033283574905119684
594.3661971830985         0.03280893190298216
591.5887850467288         0.032905585586575505
588.8372093023255         0.03358523523706138
586.1111111111111         0.0348996955096611
583.4101382488478         0.036948626269500795
580.7339449541283         0.03989480470101534
578.0821917808219         0.043990712494404956
575.4545454545454         0.04962340535863253
572.8506787330316         0.057390141453210246
570.2702702702702         0.06822652851217774
567.7130044843049         0.0836224052332775
565.1785714285713         0.1059682608269229
562.6666666666666         0.13900970593152778
560.1769911504424         0.18793039279270152
557.7092511013215         0.25663021331901126
555.2631578947368         0.33548646740134286
552.8384279475981         0.3825947744342196
550.4347826086956         0.35536593311621023
548.051948051948          0.27956876655572604
545.6896551724137         0.20513656187430715
543.3476394849785         0.15020531366409723
541.025641025641          0.11293551137163065
538.7234042553191         0.08789306963707859
536.4406779661016         0.07080615603549052
534.1772151898733         0.05890010186797398
531.9327731092436         0.05044774888646615
529.7071129707113         0.04437290839866808
527.4999999999999         0.039995886559623994
