791.2499999999999         0.7651835857404546
786.3354037267079         0.7283338766026085
781.4814814814814         0.7010042990863059
776.6871165644171         0.6824750652451157
771.951219512195          0.6714933595968609
767.2727272727273         0.6663468841582032
762.6506024096384         0.664755692523858
758.0838323353291         0.6637055603376656
753.5714285714284         0.659396777774858
749.1124260355028         0.6475529278243486
744.705882352941          0.6242995773234192
740.3508771929824         0.5875055349340699
736.0465116279069         0.5379278550278405
731.7919075144507         0.47926887560664466
727.5862068965516         0.41689458840696214
723.4285714285713         0.3560019090017489
719.3181818181816         0.300313861581634
715.2542372881354         0.2517374571678836
711.2359550561796         0.21070928014780252
707.262569832402          0.1767595267930262
703.3333333333333         0.14899581749455215
699.4475138121546         0.12641695244891252
695.6043956043954         0.10807851501226658
691.8032786885245         0.09316145006759308
688.0434782608695         0.0809873121758623
684.3243243243243         0.0710085264835315
680.6451612903226         0.06278943599345525
677.0053475935828         0.05598591176888986
673.4042553191488         0.05032685104916005
669.8412698412698         0.04559863999366647
666.315789473684          0.04163262942589416
662.8272251308899         0.03829526707480682
659.3749999999999         0.03548042075956685
655.9585492227978         0.033103445350066235
652.5773195876288         0.031096610510897772
649.2307692307692         0.02940557922022843
645.9183673469387         0.02798669382694095
642.6395939086294         0.02680488221232389
639.3939393939393         0.025832041156965954
636.180904522613          0.025045788673720808
632.9999999999999         0.024428503685210053
629.8507462686566         0.023966591750742026
626.7326732673266         0.023649931072449813
623.6453201970443         0.02347146493481942
620.5882352941176         0.023426915996223492
617.560975609756          0.023514605184859736
614.5631067961165         0.023735363919769405
611.5942028985506         0.024092533423548147
608.6538461538461         0.02459204937264828
605.7416267942583         0.02524261433759672
602.8571428571428         0.026055964651883996
599.9999999999999         0.02704724273825847
597.1698113207547         0.028235490715370685
594.3661971830985         0.029644286476587896
591.5887850467288         0.031302549496299105
588.8372093023255         0.03324555039447533
586.1111111111111         0.0355161655954825
583.4101382488478         0.03816642569175965
580.7339449541283         0.041259412111618675
578.0821917808219         0.044871558899069644
575.4545454545454         0.04909541019383681
572.8506787330316         0.05404286105095553
570.2702702702702         0.059848855242086156
567.7130044843049         0.06667540476144006
565.1785714285713         0.07471559367175064
562.6666666666666         0.08419687566510267
560.1769911504424         0.09538238957355481
557.7092511013215         0.10856810469116629
555.2631578947368         0.12407229692065692
552.8384279475981         0.14221220791820244
550.4347826086956         0.1632611777771434
548.051948051948          0.18737925365382893
545.6896551724137         0.21451364965469127
543.3476394849785         0.24427595775279315
541.025641025641          0.27582330023559165
538.7234042553191         0.3077971138431883
536.4406779661016         0.3383894120395066
534.1772151898733         0.36558418425103434
531.9327731092436         0.38754502085136083
529.7071129707113         0.4030211523256786
527.4999999999999         0.41160159042224836
