791.2499999999999         0.4415887701105241
786.3354037267079         0.35191638680959314
781.4814814814814         0.2885514124250581
776.6871165644171         0.24400566201836354
771.951219512195          0.2126234253470595
767.2727272727273         0.1905838015571308
762.6506024096384         0.17539929619167985
758.0838323353291         0.16548350272322443
753.5714285714284         0.15986072885696503
749.1124260355028         0.15798909052929497
744.705882352941          0.15966313484930758
740.3508771929824         0.1649737094287535
736.0465116279069         0.17431454738447308
731.7919075144507         0.18843478825492224
727.5862068965516         0.20854501444586118
723.4285714285713         0.23649077869054017
719.3181818181816         0.2750058442233574
715.2542372881354         0.32802317295612954
711.2359550561796         0.40087715181727207
707.262569832402          0.49976484583140784
703.3333333333333         0.6286663376533687
699.4475138121546         0.7803713184014562
695.6043956043954         0.921774063220603
691.8032786885245         0.9942560696643308
688.0434782608695         0.9597102855610631
684.3243243243243         0.8443220312033624
680.6451612903226         0.7054442316372669
677.0053475935828         0.581171051058096
673.4042553191488         0.48335203594666243
669.8412698412698         0.4106803674625273
666.315789473684          0.3582608926921414
662.8272251308899         0.32137517998865595
659.3749999999999         0.2964078778166467
655.9585492227978         0.28081657184907494
652.5773195876288         0.2728657869140817
649.2307692307692         0.2713211962392465
645.9183673469387         0.27510417621285127
642.6395939086294         0.28283514061633264
639.3939393939393         0.29220543456499615
636.180904522613          0.2993146104391507
632.9999999999999         0.2986499627527936
629.8507462686566         0.28489142952787677
626.7326732673266         0.25651582934732675
623.6453201970443         0.21788382523685684
620.5882352941176         0.17664907604610305
617.560975609756          0.13914043081125338
614.5631067961165         0.10827259039989046
611.5942028985506         0.08427486925678951
608.6538461538461         0.06613201883190767
605.7416267942583         0.05255100239968434
602.8571428571428         0.04237893072978308
599.9999999999999         0.03471202194993417
597.1698113207547         0.02888058928196434
594.3661971830985         0.024400235402603117
591.5887850467288         0.020923330045577726
588.8372093023255         0.0182002138130736
586.1111111111111         0.01605065690619249
583.4101382488478         0.014343611308300731
580.7339449541283         0.012983062179994101
578.0821917808219         0.011898186152640522
575.4545454545454         0.011036501604343989
572.8506787330316         0.01035909083050815
570.2702702702702         0.009837264892452293
567.7130044843049         0.009450246385892747
565.1785714285713         0.009183586894163353
562.6666666666666         0.009028134502528588
560.1769911504424         0.008979437614481918
557.7092511013215         0.00903752568315212
555.2631578947368         0.009207054140600532
552.8384279475981         0.009497847558145861
550.4347826086956         0.009925930158238016
548.051948051948          0.010515206625014891
545.6896551724137         0.01130006331157036
543.3476394849785         0.012329321441519605
541.025641025641          0.013672218165746793
538.7234042553191         0.015427447300623651
536.4406779661016         0.01773675051031268
534.1772151898733         0.020804916536365334
531.9327731092436         0.024927425979439758
529.7071129707113         0.030522137720179927
527.4999999999999         0.038142101007332216
