791.2499999999999         0.6832432535601216
786.3354037267079         0.6945942007801795
781.4814814814814         0.7047521788822598
776.6871165644171         0.7148431446798867
771.951219512195          0.725942421647995
767.2727272727273         0.7390122845323576
762.6506024096384         0.7548584005943308
758.0838323353291         0.7740885506785319
753.5714285714284         0.7970545024962572
749.1124260355028         0.8237578134698124
744.705882352941          0.8537036682874978
740.3508771929824         0.8856983582855968
736.0465116279069         0.9176147871505671
731.7919075144507         0.9462063780621442
727.5862068965516         0.9671293522972145
723.4285714285713         0.9753904187899933
719.3181818181816         0.9663638379086029
715.2542372881354         0.9372167046586516
711.2359550561796         0.8881442192222295
707.262569832402          0.8226558650493746
703.3333333333333         0.7466171129616986
699.4475138121546         0.6665487325873222
695.6043956043954         0.5880749404388227
691.8032786885245         0.5151055123503183
688.0434782608695         0.4497696908498613
684.3243243243243         0.3927887519798741
680.6451612903226         0.3439651733152478
677.0053475935828         0.3026030348141853
673.4042553191488         0.2678014446289398
669.8412698412698         0.23863135855277026
666.315789473684          0.21422815844489537
662.8272251308899         0.1938312983093944
659.3749999999999         0.17679407457456126
655.9585492227978         0.16257831258191402
652.5773195876288         0.150742625325065
649.2307692307692         0.14092893101783247
645.9183673469387         0.1328495573222198
642.6395939086294         0.12627594760850583
639.3939393939393         0.12102930133162984
636.180904522613          0.11697315657138639
632.9999999999999         0.11400779612854085
629.8507462686566         0.11206633745595997
626.7326732673266         0.11111240187642216
623.6453201970443         0.11113932581778381
620.5882352941176         0.11217096662206968
617.560975609756          0.11426426689705049
614.5631067961165         0.11751387825339465
611.5942028985506         0.12205931292266128
608.6538461538461         0.12809529117457935
605.7416267942583         0.13588616699903808
602.8571428571428         0.14578547735943498
599.9999999999999         0.15826157593292375
597.1698113207547         0.1739294713587387
594.3661971830985         0.19358614755127881
591.5887850467288         0.21823890905056065
588.8372093023255         0.24909739456685842
586.1111111111111         0.28745784097579147
583.4101382488478         0.3343265438181681
580.7339449541283         0.3895128433781914
578.0821917808219         0.44990466074921026
575.4545454545454         0.507218307081387
572.8506787330316         0.5473916959422603
570.2702702702702         0.5555549880739995
567.7130044843049         0.5261823775709302
565.1785714285713         0.4682549741040793
562.6666666666666         0.39836913048856953
560.1769911504424         0.33038557554230874
557.7092511013215         0.27138202125063293
555.2631578947368         0.22314632976096438
552.8384279475981         0.18482693145037635
550.4347826086956         0.15471333689660965
548.051948051948          0.13107070168135473
545.6896551724137         0.11242855649249595
543.3476394849785         0.0976285528344528
541.025641025641          0.08578715337128641
538.7234042553191         0.07623902214099186
536.4406779661016         0.06848454527459845
534.1772151898733         0.062147623301566576
531.9327731092436         0.056943670573479814
529.7071129707113         0.05265598728872502
527.4999999999999         0.049118503267237296
