791.2499999999999         0.1739821766482231
786.3354037267079         0.17234252199060912
781.4814814814814         0.17194720980057582
776.6871165644171         0.1728669279428085
771.951219512195          0.1752013413657333
767.2727272727273         0.17908856893447264
762.6506024096384         0.18471672701236688
758.0838323353291         0.19233871130933927
753.5714285714284         0.2022916884559644
749.1124260355028         0.2150231652096962
744.705882352941          0.23112593937966802
740.3508771929824         0.25138450033455706
736.0465116279069         0.2768349240392375
731.7919075144507         0.30883738861144805
727.5862068965516         0.3491511553923633
723.4285714285713         0.39997700872566716
719.3181818181816         0.46387221161032677
715.2542372881354         0.5433141064366048
711.2359550561796         0.6394626764234326
707.262569832402          0.7494632671808752
703.3333333333333         0.8621137467742548
699.4475138121546         0.9544727449772069
695.6043956043954         0.9967567896663834
691.8032786885245         0.9700672331685186
688.0434782608695         0.882489527860258
684.3243243243243         0.7627308118318126
680.6451612903226         0.6395024999571913
677.0053475935828         0.5295786043022251
673.4042553191488         0.43856547475047597
669.8412698412698         0.3659208935338846
666.315789473684          0.30882576392640426
662.8272251308899         0.2641279430684355
659.3749999999999         0.22906973582469473
655.9585492227978         0.20145352916364453
652.5773195876288         0.1795987509988854
649.2307692307692         0.16224345642356292
645.9183673469387         0.14844711604823344
642.6395939086294         0.1375109721526823
639.3939393939393         0.12891756215746722
636.180904522613          0.12228653523615939
632.9999999999999         0.11734320577056859
629.8507462686566         0.11389681780694885
626.7326732673266         0.11182629411532154
623.6453201970443         0.1110720157047427
620.5882352941176         0.11163287300594682
617.560975609756          0.11356849281294308
614.5631067961165         0.1170072650710583
611.5942028985506         0.12216170235528624
608.6538461538461         0.1293539587011215
605.7416267942583         0.13905631767543838
602.8571428571428         0.15195460238087377
599.9999999999999         0.1690474250111859
597.1698113207547         0.19180160819036227
594.3661971830985         0.22239316599971604
591.5887850467288         0.2640655650795143
588.8372093023255         0.32159288429089683
586.1111111111111         0.4015897313273258
583.4101382488478         0.5114484767971923
580.7339449541283         0.6528761143147748
578.0821917808219         0.802599920291144
575.4545454545454         0.8899238552915273
572.8506787330316         0.8409001230009675
570.2702702702702         0.6826483692440114
567.7130044843049         0.5074247354753978
565.1785714285713         0.3671229070635765
562.6666666666666         0.2675127557653046
560.1769911504424         0.1990594772602819
557.7092511013215         0.15182701200584903
555.2631578947368         0.11864599230938047
552.8384279475981         0.09481378537609944
550.4347826086956         0.07730991085194057
548.051948051948          0.0641823643053072
545.6896551724137         0.05414850517820542
543.3476394849785         0.04634827993619081
541.025641025641          0.04019281855391979
538.7234042553191         0.035270698272204214
536.4406779661016         0.0312889717645039
534.1772151898733         0.028035367274019896
531.9327731092436         0.025353588339291466
529.7071129707113         0.023126865965513332
527.4999999999999         0.02126680708202226
