791.2499999999999         0.14738991597779977
786.3354037267079         0.20873403513491257
781.4814814814814         0.2947076348413448
776.6871165644171         0.4028559504328332
771.951219512195          0.5130068080018795
767.2727272727273         0.5912048717898077
762.6506024096384         0.6187351872442552
758.0838323353291         0.6081311293548335
753.5714285714284         0.5839266316340676
749.1124260355028         0.5636942456104199
744.705882352941          0.55587392274464
740.3508771929824         0.5638371992132041
736.0465116279069         0.5888731104928155
731.7919075144507         0.6309330189207406
727.5862068965516         0.6872409480613405
723.4285714285713         0.7487618210875874
719.3181818181816         0.7962580913905012
715.2542372881354         0.8030413830977802
711.2359550561796         0.7520360312248353
707.262569832402          0.6536658352977752
703.3333333333333         0.5379078796167246
699.4475138121546         0.43054425713805033
695.6043956043954         0.34279134293221464
691.8032786885245         0.2754043969209953
688.0434782608695         0.22499142435153371
684.3243243243243         0.18753972804152927
680.6451612903226         0.1596612445521902
677.0053475935828         0.13880439721625287
673.4042553191488         0.12313347340231386
669.8412698412698         0.11135040466222826
666.315789473684          0.10254178228769668
662.8272251308899         0.09606533568996566
659.3749999999999         0.09147034664727711
655.9585492227978         0.08844316895823931
652.5773195876288         0.08677030449003065
649.2307692307692         0.08631350320691521
645.9183673469387         0.08699305714207642
642.6395939086294         0.08877668253115638
639.3939393939393         0.09167220171429068
636.180904522613          0.09572275086020857
632.9999999999999         0.10100353472991354
629.8507462686566         0.10761928239644357
626.7326732673266         0.1157015641613092
623.6453201970443         0.12540503422546082
620.5882352941176         0.13690148863455054
617.560975609756          0.15037040610576607
614.5631067961165         0.16598442691580928
611.5942028985506         0.18388811928455295
608.6538461538461         0.20416854047032598
605.7416267942583         0.22681675309459048
602.8571428571428         0.2516809108407511
599.9999999999999         0.2784141045918049
597.1698113207547         0.30642403162326753
594.3661971830985         0.3348363789436752
591.5887850467288         0.36248822330875174
588.8372093023255         0.3879689530533391
586.1111111111111         0.4097205359928318
583.4101382488478         0.4261941307284827
580.7339449541283         0.43603884006503796
578.0821917808219         0.4382805223807418
575.4545454545454         0.43244650111170574
572.8506787330316         0.41861109889996806
570.2702702702702         0.3973677951368992
567.7130044843049         0.3697566666234545
565.1785714285713         0.3371754790131815
562.6666666666666         0.3012819576832718
560.1769911504424         0.26387322047383177
557.7092511013215         0.22672824235282582
555.2631578947368         0.19142525860651805
552.8384279475981         0.15917760761327357
550.4347826086956         0.13073918728104464
548.051948051948          0.1064048811349655
545.6896551724137         0.08609165497742642
543.3476394849785         0.06946027815974742
541.025641025641          0.05603675333832169
538.7234042553191         0.04530802262349688
536.4406779661016         0.03678425416178309
534.1772151898733         0.030031675881600224
531.9327731092436         0.024684440804783946
529.7071129707113         0.020443870766926286
527.4999999999999         0.01707137071215514
