791.2499999999999         0.10412075821734612
786.3354037267079         0.13033776360981966
781.4814814814814         0.16798561089352443
776.6871165644171         0.22359281503744277
771.951219512195          0.30782993067751635
767.2727272727273         0.4365387653056291
762.6506024096384         0.6242985581745902
758.0838323353291         0.8476505437334625
753.5714285714284         0.980265772103448
749.1124260355028         0.8939308977064264
744.705882352941          0.6785987543945505
740.3508771929824         0.4788063595865328
736.0465116279069         0.3362213931264267
731.7919075144507         0.2409186672434505
727.5862068965516         0.1770354390909642
723.4285714285713         0.13317468219882564
719.3181818181816         0.1022113864487972
715.2542372881354         0.07978362993818677
711.2359550561796         0.06317851413733074
707.262569832402          0.05066038887397341
703.3333333333333         0.041083295195323485
699.4475138121546         0.03366713268074521
695.6043956043954         0.027866024480320592
691.8032786885245         0.023288880200528106
688.0434782608695         0.019650007369918995
684.3243243243243         0.016737418715987027
680.6451612903226         0.014391847137270862
677.0053475935828         0.012492439774764623
673.4042553191488         0.010946753790327066
669.8412698412698         0.009683611319354312
666.315789473684          0.008647910605497624
662.8272251308899         0.00779680949196957
659.3749999999999         0.007096891993449416
655.9585492227978         0.006522051327017218
652.5773195876288         0.006051902870220441
649.2307692307692         0.00567059464341386
645.9183673469387         0.00536592073924254
642.6395939086294         0.005128670486940334
639.3939393939393         0.004952166781237043
636.180904522613          0.0048319635265428075
632.9999999999999         0.00476568660479044
629.8507462686566         0.004753017126506454
626.7326732673266         0.0047958322739502
623.6453201970443         0.004898541068817438
620.5882352941176         0.005068685206915806
617.560975609756          0.00531792805564792
614.5631067961165         0.0056636454521454375
611.5942028985506         0.006131494112406359
608.6538461538461         0.006759636623368368
605.7416267942583         0.0076058939080699646
602.8571428571428         0.00876030705471874
599.9999999999999         0.010368198439846137
597.1698113207547         0.012674763952803179
594.3661971830985         0.016116600012782124
591.5887850467288         0.021522368681335363
588.8372093023255         0.030581917597185725
586.1111111111111         0.04697350019209726
583.4101382488478         0.07857314920516766
580.7339449541283         0.1341274368447715
578.0821917808219         0.1710043686025443
575.4545454545454         0.12200290831491818
572.8506787330316         0.06800990259629532
570.2702702702702         0.03925798510365036
567.7130044843049         0.024690240285100404
565.1785714285713         0.01675484011041987
562.6666666666666         0.012076307688181619
560.1769911504424         0.00912786089413376
557.7092511013215         0.007167511239448903
555.2631578947368         0.005807094736327068
552.8384279475981         0.004829967231343795
550.4347826086956         0.0041083938716019435
548.051948051948          0.0035634996748288537
545.6896551724137         0.0031446444230918327
543.3476394849785         0.0028182261142964526
541.025641025641          0.0025613185920430916
538.7234042553191         0.002357909977164178
536.4406779661016         0.0021966008573749266
534.1772151898733         0.00206915306473304
531.9327731092436         0.001969550939899437
529.7071129707113         0.001893380880147808
527.4999999999999         0.0018374142030994321
