791.2499999999999         0.07744133362996662
786.3354037267079         0.06648389191142227
781.4814814814814         0.05814465413007216
776.6871165644171         0.05185769248696287
771.951219512195          0.04718094002783173
767.2727272727273         0.043787623588003075
762.6506024096384         0.04144611030515979
758.0838323353291         0.04000070775078461
753.5714285714284         0.03935716635862334
749.1124260355028         0.03947348635074426
744.705882352941          0.040355810694621935
740.3508771929824         0.04205926611487935
736.0465116279069         0.04469405056312969
731.7919075144507         0.04843768112449038
727.5862068965516         0.05355506524453151
723.4285714285713         0.06042888424838989
719.3181818181816         0.06960344119112458
715.2542372881354         0.08184484271605051
711.2359550561796         0.09821705244476715
707.262569832402          0.12016207666080735
703.3333333333333         0.14954388178275207
699.4475138121546         0.18855763025816746
695.6043956043954         0.23932495052114997
691.8032786885245         0.30298503651358955
688.0434782608695         0.3784104519437923
684.3243243243243         0.4615189743157906
680.6451612903226         0.5467114644442822
677.0053475935828         0.6304136966533582
673.4042553191488         0.7137422908414687
669.8412698412698         0.8010373503855825
666.315789473684          0.8930571388170565
662.8272251308899         0.9738557899083025
659.3749999999999         0.9967202238652257
655.9585492227978         0.9052892476907702
652.5773195876288         0.7110583348769896
649.2307692307692         0.4999430121401729
645.9183673469387         0.3345858014092732
642.6395939086294         0.2232846267105293
639.3939393939393         0.15214260690440276
636.180904522613          0.10680359054142335
632.9999999999999         0.07738978406721198
629.8507462686566         0.057820800264993616
626.7326732673266         0.044450806686271216
623.6453201970443         0.03508085365398106
620.5882352941176         0.028359820573382294
617.560975609756          0.023438145959069477
614.5631067961165         0.019768684524913427
611.5942028985506         0.016990786945435894
608.6538461538461         0.014861523693548786
605.7416267942583         0.01321398938369185
602.8571428571428         0.01193146291964358
599.9999999999999         0.010931048108363253
597.1698113207547         0.010153104304522697
594.3661971830985         0.009554286819042435
591.5887850467288         0.009102882169612057
588.8372093023255         0.008775628824651664
586.1111111111111         0.008555515201217646
583.4101382488478         0.008430229364567192
580.7339449541283         0.00839104772187746
578.0821917808219         0.008432021020708077
575.4545454545454         0.008549361721663642
572.8506787330316         0.008740967438006763
570.2702702702702         0.009006037078261538
567.7130044843049         0.009344753896822256
565.1785714285713         0.009758025751317671
562.6666666666666         0.010247289194744581
560.1769911504424         0.010814400980510862
557.7092511013215         0.011461656927382264
555.2631578947368         0.012191991080256766
552.8384279475981         0.013009414054859962
550.4347826086956         0.013919745704176872
548.051948051948          0.014931684844801927
545.6896551724137         0.016058244965349223
543.3476394849785         0.017318583495480166
541.025641025641          0.018740281396038262
538.7234042553191         0.020362207573006157
536.4406779661016         0.02223824480968254
534.1772151898733         0.024442378603796208
531.9327731092436         0.027075991120591145
529.7071129707113         0.030278732274265703
527.4999999999999         0.03424520832266187
