791.2499999999999         0.5634134217247779
786.3354037267079         0.5589156573499662
781.4814814814814         0.5470567701887502
776.6871165644171         0.5290949719186899
771.951219512195          0.506692136976901
767.2727272727273         0.48160144098842445
762.6506024096384         0.4554176071583781
758.0838323353291         0.42943303151172735
753.5714285714284         0.40459426250659786
749.1124260355028         0.38152749268687064
744.705882352941          0.3605984429122054
740.3508771929824         0.341980769329345
736.0465116279069         0.3257183017681009
731.7919075144507         0.3117751710685709
727.5862068965516         0.30007314075077945
723.4285714285713         0.29051793000574544
719.3181818181816         0.28301707451622576
715.2542372881354         0.2774917759487467
711.2359550561796         0.2738847697046963
707.262569832402          0.2721657665436367
703.3333333333333         0.27233561164599973
699.4475138121546         0.2744299857352491
695.6043956043954         0.2785232396543524
691.8032786885245         0.28473278290536663
688.0434782608695         0.2932243071643306
684.3243243243243         0.3042179788506767
680.6451612903226         0.31799552712493195
677.0053475935828         0.3349078045004581
673.4042553191488         0.35538177818799865
669.8412698412698         0.37992481649170645
666.315789473684          0.4091222513430779
662.8272251308899         0.44362108324097244
659.3749999999999         0.4840878427766294
655.9585492227978         0.5311217799402224
652.5773195876288         0.585096649113348
649.2307692307692         0.6458996463544062
645.9183673469387         0.7125458132535555
642.6395939086294         0.7826921055297339
639.3939393939393         0.8521833657305153
636.180904522613          0.9149282990525751
632.9999999999999         0.9635207644819809
629.8507462686566         0.9908510697893048
626.7326732673266         0.9923293485567654
623.6453201970443         0.9676159105200913
620.5882352941176         0.9207521203723623
617.560975609756          0.8586022588041681
614.5631067961165         0.7886228559645251
611.5942028985506         0.7171256021144893
608.6538461538461         0.6485224944177598
605.7416267942583         0.5853692158578505
602.8571428571428         0.528792628329369
599.9999999999999         0.4789814863510401
597.1698113207547         0.4355877203435854
594.3661971830985         0.39800313362548784
591.5887850467288         0.3655293947500599
588.8372093023255         0.3374724897393939
586.1111111111111         0.3131892768033962
583.4101382488478         0.2921060133142034
580.7339449541283         0.27372167039178424
578.0821917808219         0.257603747066784
575.4545454545454         0.2433809833948857
572.8506787330316         0.2307353552295081
570.2702702702702         0.21939455702427005
567.7130044843049         0.20912551307559915
565.1785714285713         0.19972908729257402
562.6666666666666         0.19103595592612363
560.1769911504424         0.18290349130314681
557.7092511013215         0.17521343752363483
555.2631578947368         0.167870123339245
552.8384279475981         0.16079894789043098
550.4347826086956         0.15394489237819592
548.051948051948          0.14727085614240712
545.6896551724137         0.14075568622394688
543.3476394849785         0.13439185660100803
541.025641025641          0.12818284288734827
538.7234042553191         0.1221403141625045
536.4406779661016         0.1162813119196384
534.1772151898733         0.11062559945088314
531.9327731092436         0.10519334431328045
529.7071129707113         0.10000325030976726
527.4999999999999         0.09507119650275231
