791.2499999999999         0.08199250611606011
786.3354037267079         0.07868239150394982
781.4814814814814         0.07602265962602181
776.6871165644171         0.0739474414668593
771.951219512195          0.07240651313626671
767.2727272727273         0.07136302199896355
762.6506024096384         0.07079182045428675
758.0838323353291         0.07067829596120656
753.5714285714284         0.07101761443283083
749.1124260355028         0.07181431523426363
744.705882352941          0.073082210442899
740.3508771929824         0.07484454871645223
736.0465116279069         0.07713440398152549
731.7919075144507         0.07999523873850692
727.5862068965516         0.08348156669525754
723.4285714285713         0.0876595926835948
719.3181818181816         0.09260762891412125
715.2542372881354         0.09841596106132208
711.2359550561796         0.10518564731688503
707.262569832402          0.1130254601997097
703.3333333333333         0.12204581684335351
699.4475138121546         0.13234811606211508
695.6043956043954         0.14400752065778838
691.8032786885245         0.1570471653374307
688.0434782608695         0.17140256833805192
684.3243243243243         0.18687750604041442
680.6451612903226         0.20309765741968214
677.0053475935828         0.21947603149964415
673.4042553191488         0.2352122536600776
669.8412698412698         0.249350051664975
666.315789473684          0.26090523461525156
662.8272251308899         0.2690466199154678
659.3749999999999         0.27327637746371786
655.9585492227978         0.2735403382743726
652.5773195876288         0.27022280539922555
649.2307692307692         0.26403350764867844
645.9183673469387         0.25584002820123214
642.6395939086294         0.2465090578296006
639.3939393939393         0.23679726907174217
636.180904522613          0.22730088400666842
632.9999999999999         0.21845142463658562
629.8507462686566         0.21053831093192138
626.7326732673266         0.20374185459031685
623.6453201970443         0.1981663091541492
620.5882352941176         0.19386808208769096
617.560975609756          0.1908777517954451
614.5631067961165         0.18921634248687288
611.5942028985506         0.18890698226466557
608.6538461538461         0.1899831290109419
605.7416267942583         0.19249433067218724
602.8571428571428         0.19651016312264583
599.9999999999999         0.20212262215834143
597.1698113207547         0.20944683350980078
594.3661971830985         0.21861944589831844
591.5887850467288         0.2297934278592947
588.8372093023255         0.24312714284756778
586.1111111111111         0.2587645210223317
583.4101382488478         0.2768020215122329
580.7339449541283         0.2972373737049883
578.0821917808219         0.31989594610547867
575.4545454545454         0.3443351336909876
572.8506787330316         0.3697382934850745
570.2702702702702         0.3948294091274589
567.7130044843049         0.41786397738064424
565.1785714285713         0.43676435133390323
562.6666666666666         0.4494405295753964
560.1769911504424         0.4542514414458016
557.7092511013215         0.4504489943990083
555.2631578947368         0.4383989231340375
552.8384279475981         0.41946201279889245
550.4347826086956         0.39559955510776706
548.051948051948          0.36889632362150704
545.6896551724137         0.3411854802710618
543.3476394849785         0.31385611682464987
541.025641025641          0.2878233673182529
538.7234042553191         0.2635960187093529
536.4406779661016         0.24138000920963723
534.1772151898733         0.22117921125319462
531.9327731092436         0.20287675214988274
529.7071129707113         0.18629378677064481
527.4999999999999         0.1712288673304716
