791.2499999999999         0.5878355177821424
786.3354037267079         0.6272863484769756
781.4814814814814         0.6569101705456395
776.6871165644171         0.6713278610645683
771.951219512195          0.6673189453334867
767.2727272727273         0.6452559224760525
762.6506024096384         0.6089826601256675
758.0838323353291         0.5642126529850596
753.5714285714284         0.5165821452085844
749.1124260355028         0.4704015812795853
744.705882352941          0.42833716500908176
740.3508771929824         0.3916823381041639
736.0465116279069         0.3608139025596146
731.7919075144507         0.335599751980306
727.5862068965516         0.3156866130300631
723.4285714285713         0.3006777775568177
719.3181818181816         0.2902343857465202
715.2542372881354         0.28413184723065804
711.2359550561796         0.28229443478360694
707.262569832402          0.284823340289319
703.3333333333333         0.2920281332154442
699.4475138121546         0.30446788227684424
695.6043956043954         0.3230042063194283
691.8032786885245         0.34886013600752563
688.0434782608695         0.38365664122609267
684.3243243243243         0.42934187478138686
680.6451612903226         0.4877940073297076
677.0053475935828         0.5596128894310083
673.4042553191488         0.6413033483209647
669.8412698412698         0.720537401728367
666.315789473684          0.772873332436243
662.8272251308899         0.7699598053061312
659.3749999999999         0.7025766489371853
655.9585492227978         0.5927300531006607
652.5773195876288         0.47443845382587135
649.2307692307692         0.3703125955635399
645.9183673469387         0.28758930204320815
642.6395939086294         0.2248947176575957
639.3939393939393         0.17815972677517133
636.180904522613          0.1433366222246673
632.9999999999999         0.11719120718818335
629.8507462686566         0.09733932291517423
626.7326732673266         0.08207650359700222
623.6453201970443         0.07019428148538004
620.5882352941176         0.06083364943566982
617.560975609756          0.053379141506889966
614.5631067961165         0.047385154848897375
611.5942028985506         0.0425253701458443
608.6538461538461         0.03855806562752309
605.7416267942583         0.03530220762782029
602.8571428571428         0.03262083176302599
599.9999999999999         0.030409377560937624
597.1698113207547         0.028587415039031783
594.3661971830985         0.02709271678596977
591.5887850467288         0.025876969634872245
588.8372093023255         0.02490264568170072
586.1111111111111         0.02414070283315786
583.4101382488478         0.023568886132328132
580.7339449541283         0.023170469583324447
578.0821917808219         0.022933324955148902
575.4545454545454         0.022849236152832148
572.8506787330316         0.022913399789122473
570.2702702702702         0.023124067535117185
567.7130044843049         0.023482295544078248
565.1785714285713         0.023991771841703046
562.6666666666666         0.02465869461739473
560.1769911504424         0.025491672969815048
557.7092511013215         0.026501616661101863
555.2631578947368         0.02770157239569607
552.8384279475981         0.029106450584093748
550.4347826086956         0.0307325682773174
548.051948051948          0.03259691165636505
545.6896551724137         0.03471599779798632
543.3476394849785         0.037104196739238884
541.025641025641          0.03977137338661485
538.7234042553191         0.042719745030568024
536.4406779661016         0.04593995335113483
534.1772151898733         0.04940655295181626
531.9327731092436         0.05307344293976511
529.7071129707113         0.05687019221370423
527.4999999999999         0.06070062598948975
