791.2499999999999         0.012983494382594886
786.3354037267079         0.012978361905851056
781.4814814814814         0.01307636258689349
776.6871165644171         0.013280243936251528
771.951219512195          0.013595785777616285
767.2727272727273         0.014032116984701125
762.6506024096384         0.014602229386013505
758.0838323353291         0.015323735664299419
753.5714285714284         0.016219943194996658
749.1124260355028         0.017321350924439042
744.705882352941          0.018667727286283877
740.3508771929824         0.02031100265630931
736.0465116279069         0.022319324026668034
731.7919075144507         0.024782795169634893
727.5862068965516         0.027821699768031165
723.4285714285713         0.031598439404323414
719.3181818181816         0.03633511560507607
715.2542372881354         0.04233981664483332
711.2359550561796         0.05004651799992031
707.262569832402          0.06007651860579364
703.3333333333333         0.07333415476467463
699.4475138121546         0.09115680241090712
695.6043956043954         0.11554838425236008
691.8032786885245         0.14953028743007224
688.0434782608695         0.19761418848401316
684.3243243243243         0.26623086171600596
680.6451612903226         0.3633227124936744
677.0053475935828         0.4946426856427574
673.4042553191488         0.6523202976830668
669.8412698412698         0.798066294419576
666.315789473684          0.8715386384201257
662.8272251308899         0.8461301729901645
659.3749999999999         0.7556338262948363
655.9585492227978         0.6488405086241554
652.5773195876288         0.5532560938574472
649.2307692307692         0.4766523835415237
645.9183673469387         0.41798727501592653
642.6395939086294         0.373860413790603
639.3939393939393         0.3409164226882678
636.180904522613          0.31644933265991076
632.9999999999999         0.2984078396366447
629.8507462686566         0.28525447810000454
626.7326732673266         0.2758207589082382
623.6453201970443         0.2691931275141453
620.5882352941176         0.26463257252108885
617.560975609756          0.26152320207122937
614.5631067961165         0.2593443396815752
611.5942028985506         0.2576608503789571
608.6538461538461         0.2561259544952441
605.7416267942583         0.254489914548469
602.8571428571428         0.25260762466477804
599.9999999999999         0.2504392162227739
597.1698113207547         0.24804052405853905
594.3661971830985         0.24554382314187442
591.5887850467288         0.24313223072658977
588.8372093023255         0.2410124273680062
586.1111111111111         0.23938965495725018
583.4101382488478         0.23844696056850972
580.7339449541283         0.23832836544830177
578.0821917808219         0.23912382792536685
575.4545454545454         0.24085291655140084
572.8506787330316         0.24344417318675166
570.2702702702702         0.24670849158129599
567.7130044843049         0.2503080799559644
565.1785714285713         0.2537285422055343
562.6666666666666         0.2562703829485828
560.1769911504424         0.2570849841647282
557.7092511013215         0.2552805724479522
555.2631578947368         0.25010366339950385
552.8384279475981         0.2411563857175388
550.4347826086956         0.22856158581024216
548.051948051948          0.2129824011121207
545.6896551724137         0.19546836405606877
543.3476394849785         0.17719635187257948
541.025641025641          0.15922324964641393
538.7234042553191         0.14233584296351864
536.4406779661016         0.12701386156864747
534.1772151898733         0.11347166942064575
531.9327731092436         0.10173251510765516
529.7071129707113         0.09170225873184032
527.4999999999999         0.08322728424652166
