791.2499999999999         0.0869603745111471
786.3354037267079         0.06535753968375274
781.4814814814814         0.05012708345637067
776.6871165644171         0.039181522958410916
771.951219512195          0.03116890450695077
767.2727272727273         0.02520129006623136
762.6506024096384         0.020685578721266015
758.0838323353291         0.01721857160079743
753.5714285714284         0.014521382452594458
749.1124260355028         0.012397895362550468
744.705882352941          0.010708040465539963
740.3508771929824         0.009350319798036497
736.0465116279069         0.008250195174256906
731.7919075144507         0.007352249981944998
727.5862068965516         0.006614819145823021
723.4285714285713         0.006006258262187335
719.3181818181816         0.005502317577540797
715.2542372881354         0.005084271318783051
711.2359550561796         0.004737570552877207
707.262569832402          0.00445086376822578
703.3333333333333         0.004215279183570744
699.4475138121546         0.004023895899445771
695.6043956043954         0.003871353330921613
691.8032786885245         0.0037535636418893487
688.0434782608695         0.003667502544175271
684.3243243243243         0.003611061399593204
680.6451612903226         0.0035829491176967584
677.0053475935828         0.003582636597522171
673.4042553191488         0.00361033993861303
669.8412698412698         0.0036670417508719057
666.315789473684          0.0037545529787373646
662.8272251308899         0.003875621080012047
659.3749999999999         0.004034094577358786
655.9585492227978         0.0042351594671357845
652.5773195876288         0.004485670470728344
649.2307692307692         0.004794610725532679
645.9183673469387         0.005173728825119023
642.6395939086294         0.0056384244840450215
639.3939393939393         0.006208986972304277
636.180904522613          0.006912338743741985
632.9999999999999         0.007784506868043311
629.8507462686566         0.008874144120707778
626.7326732673266         0.010247553202655036
623.6453201970443         0.01199581592938486
620.5882352941176         0.014244715131206707
617.560975609756          0.017167894481959947
614.5631067961165         0.021002360080980668
611.5942028985506         0.02606097403701664
608.6538461538461         0.032724427358247044
605.7416267942583         0.04136751277576592
602.8571428571428         0.05212984397870132
599.9999999999999         0.06443433699117572
597.1698113207547         0.07639752197596462
594.3661971830985         0.08493394506140685
591.5887850467288         0.08744467138317256
588.8372093023255         0.08386138980014854
586.1111111111111         0.07644914228386644
583.4101382488478         0.06783312551832577
580.7339449541283         0.05970605641648302
578.0821917808219         0.05277807354595136
575.4545454545454         0.04717999306922319
572.8506787330316         0.04279797336788366
570.2702702702702         0.03945134398331493
567.7130044843049         0.03696689821837166
565.1785714285713         0.03520296302619602
562.6666666666666         0.03405305474737588
560.1769911504424         0.033442717598890365
557.7092511013215         0.03332504045395545
555.2631578947368         0.03367681313419839
552.8384279475981         0.03449586959581119
550.4347826086956         0.035799644992838095
548.051948051948          0.03762479546043671
545.6896551724137         0.04002765230620017
543.3476394849785         0.04308519165155393
541.025641025641          0.04689602529576187
538.7234042553191         0.051580596077934915
536.4406779661016         0.057279232587302206
534.1772151898733         0.06414596043166355
531.9327731092436         0.07233508685136679
529.7071129707113         0.08197700018204677
527.4999999999999         0.09314037743534798
