791.2499999999999         0.06726571817495042
786.3354037267079         0.07174373827386175
781.4814814814814         0.0769788629181841
776.6871165644171         0.08309608661375309
771.951219512195          0.09024644432218226
767.2727272727273         0.09861214521566657
762.6506024096384         0.10841246343475336
758.0838323353291         0.1199102323284549
753.5714285714284         0.13341853343023757
749.1124260355028         0.14930672918950566
744.705882352941          0.16800426211404224
740.3508771929824         0.1899995158355453
736.0465116279069         0.21582940673340703
731.7919075144507         0.24605326978677236
727.5862068965516         0.28120238382322327
723.4285714285713         0.3216952437482816
719.3181818181816         0.3677107406511392
715.2542372881354         0.4190204507574098
711.2359550561796         0.47480113629730164
707.262569832402          0.5334792805337044
703.3333333333333         0.5926900499849094
699.4475138121546         0.6494374229708668
695.6043956043954         0.7004904849126848
691.8032786885245         0.7429423617196492
688.0434782608695         0.7747496512549006
684.3243243243243         0.7950485410710998
680.6451612903226         0.8041434239561117
677.0053475935828         0.8032187402965324
673.4042553191488         0.7939278252829566
669.8412698412698         0.7780143494181279
666.315789473684          0.757055382490755
662.8272251308899         0.7323411940606456
659.3749999999999         0.7048618420616254
655.9585492227978         0.6753571594441714
652.5773195876288         0.6443920183737597
649.2307692307692         0.6124302754344354
645.9183673469387         0.5798920122322231
642.6395939086294         0.5471876455059683
639.3939393939393         0.5147291739484879
636.180904522613          0.4829234418792257
632.9999999999999         0.45215477594502934
629.8507462686566         0.42276466644588195
626.7326732673266         0.39503467685775895
623.6453201970443         0.36917624998499077
620.5882352941176         0.3453284567751604
617.560975609756          0.32356271654352925
614.5631067961165         0.30389241552979496
611.5942028985506         0.2862850999339278
608.6538461538461         0.2706752441121868
605.7416267942583         0.2569761819910068
602.8571428571428         0.2450904000559789
599.9999999999999         0.2349178892711284
597.1698113207547         0.22636259606033643
594.3661971830985         0.21933720937266651
591.5887850467288         0.21376660629084612
588.8372093023255         0.20959029068431684
586.1111111111111         0.20676412960953489
583.4101382488478         0.2052616424756779
580.7339449541283         0.2050750413559408
578.0821917808219         0.20621616299914644
575.4545454545454         0.20871737456479147
572.8506787330316         0.21263247244117084
570.2702702702702         0.21803752013969888
567.7130044843049         0.22503147781717833
565.1785714285713         0.23373635051887096
562.6666666666666         0.2442964110455461
560.1769911504424         0.2568758233570562
557.7092511013215         0.27165369717950055
555.2631578947368         0.288815256570776
552.8384279475981         0.30853745890530637
550.4347826086956         0.33096718780701007
548.051948051948          0.35619031859445044
545.6896551724137         0.38419092912490527
543.3476394849785         0.41480223607255345
541.025641025641          0.44765492600276785
538.7234042553191         0.48213429364472693
536.4406779661016         0.5173635319670012
534.1772151898733         0.5522332577927976
531.9327731092436         0.5854922275344228
529.7071129707113         0.6158980995532883
527.4999999999999         0.6424029188974313
