791.2499999999999         0.15073697366354172
786.3354037267079         0.15149057759488446
781.4814814814814         0.15607604263699978
776.6871165644171         0.16510266015167957
771.951219512195          0.1795532160605417
767.2727272727273         0.20089556583543797
762.6506024096384         0.23111879454217668
758.0838323353291         0.27240798899607266
753.5714285714284         0.32564330602554503
749.1124260355028         0.3861774545201085
744.705882352941          0.4369790316603255
740.3508771929824         0.4496923090397669
736.0465116279069         0.40948957279948595
731.7919075144507         0.33587256535692045
727.5862068965516         0.25988155604366686
723.4285714285713         0.19783310979535712
719.3181818181816         0.15196687415010862
715.2542372881354         0.11920630579723301
711.2359550561796         0.09590669551410592
707.262569832402          0.07920281501245242
703.3333333333333         0.0670910632247512
699.4475138121546         0.058222411526492865
695.6043956043954         0.05169630068081225
691.8032786885245         0.04691063116043863
688.0434782608695         0.04346238591787951
684.3243243243243         0.041084143045165826
680.6451612903226         0.03960440072191531
677.0053475935828         0.03892367428016905
673.4042553191488         0.039001536558541654
669.8412698412698         0.03985209419483817
666.315789473684          0.04154719839301243
662.8272251308899         0.04422842045962672
659.3749999999999         0.048131001054500716
655.9585492227978         0.05362637279707757
652.5773195876288         0.06129578014279736
649.2307692307692         0.07205836953388303
645.9183673469387         0.08739687555973473
642.6395939086294         0.10975664289750288
639.3939393939393         0.14322619063843495
636.180904522613          0.19450762253081588
632.9999999999999         0.27320534441910904
629.8507462686566         0.38572438725475
626.7326732673266         0.5073473029713521
623.6453201970443         0.5532759072537927
620.5882352941176         0.4779999837663425
617.560975609756          0.357727547470161
614.5631067961165         0.25835869809508544
611.5942028985506         0.19023686996623715
608.6538461538461         0.14529026481493787
605.7416267942583         0.11529503216827422
602.8571428571428         0.09476128521388676
599.9999999999999         0.08031825623880902
597.1698113207547         0.06990340397176266
594.3661971830985         0.06222474186826128
591.5887850467288         0.056444462368056926
588.8372093023255         0.05199633294218421
586.1111111111111         0.04847935469181164
583.4101382488478         0.04559533284666918
580.7339449541283         0.04311299693604444
578.0821917808219         0.040849358149877266
575.4545454545454         0.03866275690615817
572.8506787330316         0.03645313123514768
570.2702702702702         0.03416473741486005
567.7130044843049         0.031786404230711295
565.1785714285713         0.029345785294164296
562.6666666666666         0.02689719042656907
560.1769911504424         0.02450594861598698
557.7092511013215         0.022233838335050972
555.2631578947368         0.020129158553163416
552.8384279475981         0.018222586360942258
550.4347826086956         0.016527790910679706
548.051948051948          0.015044803664378598
545.6896551724137         0.013764282214473143
543.3476394849785         0.012671459688690937
541.025641025641          0.011749238706662753
538.7234042553191         0.010980343197122829
536.4406779661016         0.0103486687554932
534.1772151898733         0.009840043041536402
531.9327731092436         0.009442597031994867
529.7071129707113         0.009146907082858846
527.4999999999999         0.008946023915779847
