791.2499999999999         0.9132740126018453
786.3354037267079         0.917015732764311
781.4814814814814         0.9198166011130664
776.6871165644171         0.9213208561754285
771.951219512195          0.9209677369514859
767.2727272727273         0.9180061551083739
762.6506024096384         0.9115404659818949
758.0838323353291         0.900614725604113
753.5714285714284         0.8843364149889791
749.1124260355028         0.8620283214115682
744.705882352941          0.8333816014379437
740.3508771929824         0.798570913425657
736.0465116279069         0.7582928950933451
731.7919075144507         0.7137071665104785
727.5862068965516         0.6662895264475069
723.4285714285713         0.6176358864459094
719.3181818181816         0.5692682023976744
715.2542372881354         0.522485439818879
711.2359550561796         0.47828071061632393
707.262569832402          0.43732270596118905
703.3333333333333         0.39998466824938544
699.4475138121546         0.36639965580326095
695.6043956043954         0.3365238557747027
691.8032786885245         0.31019584608131956
688.0434782608695         0.28718573567751904
684.3243243243243         0.26723251251762736
680.6451612903226         0.2500704904162373
677.0053475935828         0.2354468777305801
673.4042553191488         0.2231327306424972
669.8412698412698         0.21292934187908216
666.315789473684          0.2046717388920473
662.8272251308899         0.1982305810141361
659.3749999999999         0.19351342355161202
655.9585492227978         0.19046607945326488
652.5773195876288         0.18907465278299315
649.2307692307692         0.1893687278769742
645.9183673469387         0.19142615122347137
642.6395939086294         0.19537980463434962
639.3939393939393         0.20142667412629506
636.180904522613          0.20983923949601815
632.9999999999999         0.22097847362417358
629.8507462686566         0.23530598332405225
626.7326732673266         0.2533889022092295
623.6453201970443         0.2758828766041337
620.5882352941176         0.303462162567867
617.560975609756          0.3366368941656719
614.5631067961165         0.3753567499129673
611.5942028985506         0.41827746037897884
608.6538461538461         0.4616777170670231
605.7416267942583         0.49850007804248797
602.8571428571428         0.5189157217136988
599.9999999999999         0.5140314371571355
597.1698113207547         0.48156665568889556
594.3661971830985         0.42823217135174246
591.5887850467288         0.36569249659487335
588.8372093023255         0.30431451828256956
586.1111111111111         0.2500606855920264
583.4101382488478         0.20491607884508814
580.7339449541283         0.16855400540179083
578.0821917808219         0.13970839968800514
575.4545454545454         0.11693451709753871
572.8506787330316         0.09893076074113318
570.2702702702702         0.08463143127765282
567.7130044843049         0.07320218883718432
565.1785714285713         0.06400337047005016
562.6666666666666         0.05654868800025458
560.1769911504424         0.050469027830560856
557.7092511013215         0.04548359731031884
555.2631578947368         0.04137791605760033
552.8384279475981         0.0379873825418132
550.4347826086956         0.0351851245616139
548.051948051948          0.03287305331616483
545.6896551724137         0.030975286987343115
543.3476394849785         0.029433325344131792
541.025641025641          0.028202527651562885
538.7234042553191         0.027249576090783788
536.4406779661016         0.02655070494024238
534.1772151898733         0.026090551199941
531.9327731092436         0.025861543514260826
529.7071129707113         0.025863800790487824
527.4999999999999         0.026105567579407317
