791.2499999999999         0.1560524671463754
786.3354037267079         0.15363079978026803
781.4814814814814         0.15304328846521897
776.6871165644171         0.15389862600005164
771.951219512195          0.15580970696392443
767.2727272727273         0.15835453257399557
762.6506024096384         0.1610544873853928
758.0838323353291         0.16337887029671383
753.5714285714284         0.1647845082878524
749.1124260355028         0.16479060010367116
744.705882352941          0.16307155238886117
740.3508771929824         0.1595333730197901
736.0465116279069         0.1543375094216481
731.7919075144507         0.14785757040136663
727.5862068965516         0.14058704063904565
723.4285714285713         0.1330364867719666
719.3181818181816         0.12565482851048834
715.2542372881354         0.11878954743508319
711.2359550561796         0.11268174654956316
707.262569832402          0.10748300125038586
703.3333333333333         0.10328116098765254
699.4475138121546         0.10012667977620186
695.6043956043954         0.09805567478897607
691.8032786885245         0.09710911179503517
688.0434782608695         0.09734926143560836
684.3243243243243         0.09887540232798067
680.6451612903226         0.1018412270518382
677.0053475935828         0.10647696552370528
673.4042553191488         0.11312021391085965
669.8412698412698         0.12226117343497106
666.315789473684          0.1346108283394928
662.8272251308899         0.15120480824312174
659.3749999999999         0.17356072621830432
655.9585492227978         0.2039082069039329
652.5773195876288         0.24548937297609755
649.2307692307692         0.3028135676983349
645.9183673469387         0.38132571245394264
642.6395939086294         0.4847127441943977
639.3939393939393         0.6059768548858405
636.180904522613          0.7115837922611123
632.9999999999999         0.7438126633062503
629.8507462686566         0.6767584847427282
626.7326732673266         0.5529171380802366
623.6453201970443         0.4283852984849954
620.5882352941176         0.32836018706248365
617.560975609756          0.25469961780916595
614.5631067961165         0.2018032801992819
611.5942028985506         0.16375597641044426
608.6538461538461         0.13605321313604862
605.7416267942583         0.1155722420836774
602.8571428571428         0.10020494310317407
599.9999999999999         0.08852924619260262
597.1698113207547         0.07957659496223533
594.3661971830985         0.07267857281461113
591.5887850467288         0.06736777078290328
588.8372093023255         0.06331373970704027
586.1111111111111         0.06028128681797039
583.4101382488478         0.05810304073355198
580.7339449541283         0.056661236267769075
578.0821917808219         0.05587556251207175
575.4545454545454         0.055695089593590874
572.8506787330316         0.056093019000865205
570.2702702702702         0.05706346236107069
567.7130044843049         0.058619749099048574
565.1785714285713         0.06079395779731986
562.6666666666666         0.06363749726743466
560.1769911504424         0.06722265365181321
557.7092511013215         0.07164508136405393
555.2631578947368         0.07702725270802856
552.8384279475981         0.08352289074851349
550.4347826086956         0.09132238103332546
548.051948051948          0.10065906678879094
545.6896551724137         0.11181613837941698
543.3476394849785         0.12513346465557187
541.025641025641          0.14101307971159655
538.7234042553191         0.1599209906789296
536.4406779661016         0.18238133704481102
534.1772151898733         0.20895656539341428
531.9327731092436         0.2402042443285689
529.7071129707113         0.2765980879904057
527.4999999999999         0.31839964852605945
