791.2499999999999         0.9538939859794876
786.3354037267079         0.8791664791550358
781.4814814814814         0.7769061467869252
776.6871165644171         0.6617934782699525
771.951219512195          0.54861790929123
767.2727272727273         0.44738068619491406
762.6506024096384         0.3623440938769316
758.0838323353291         0.29364871946284865
753.5714285714284         0.23935737647036795
749.1124260355028         0.1968908405313162
744.705882352941          0.16376863675807793
740.3508771929824         0.13789107648808474
736.0465116279069         0.11758811354379121
731.7919075144507         0.10157329006489099
727.5862068965516         0.08887129722853819
723.4285714285713         0.07874780642767816
719.3181818181816         0.07065097027233996
715.2542372881354         0.06416584718950998
711.2359550561796         0.05898010653187919
707.262569832402          0.054858708757122204
703.3333333333333         0.0516254292656032
699.4475138121546         0.04914950811870641
695.6043956043954         0.047336131063728304
691.8032786885245         0.046119807160276374
688.0434782608695         0.04545999412348063
684.3243243243243         0.04533854481443067
680.6451612903226         0.04575872196100733
677.0053475935828         0.046745664995549295
673.4042553191488         0.04834829670602076
669.8412698412698         0.05064271664790823
666.315789473684          0.05373710007410981
662.8272251308899         0.057777896830228125
659.3749999999999         0.06295645823009755
655.9585492227978         0.06951359114519493
652.5773195876288         0.07773593183154333
649.2307692307692         0.08793073695371635
645.9183673469387         0.10035279505711517
642.6395939086294         0.11504020339513157
639.3939393939393         0.13151232261700208
636.180904522613          0.14835142901325946
632.9999999999999         0.16292080862287697
629.8507462686566         0.17179328790053566
626.7326732673266         0.17227094857474343
623.6453201970443         0.16411674262722045
620.5882352941176         0.14974604787627163
617.560975609756          0.1326465933200572
614.5631067961165         0.11568816382625165
611.5942028985506         0.10049646309450379
608.6538461538461         0.08766793000577873
605.7416267942583         0.07720677132322312
602.8571428571428         0.06886265466475187
599.9999999999999         0.062320295078151136
597.1698113207547         0.05728596677153658
594.3661971830985         0.05351895258720603
591.5887850467288         0.05083832928590222
588.8372093023255         0.049120995020995144
586.1111111111111         0.04829857043478857
583.4101382488478         0.048356912942718475
580.7339449541283         0.049340649891565926
578.0821917808219         0.051365395223084906
575.4545454545454         0.054641997270296956
572.8506787330316         0.05952091219069611
570.2702702702702         0.06657250627825359
567.7130044843049         0.07673528846366047
565.1785714285713         0.09159937066906443
562.6666666666666         0.11397135460154771
560.1769911504424         0.14903914905107676
557.7092511013215         0.20675084960336995
555.2631578947368         0.30570650483866835
552.8384279475981         0.47014136087284975
550.4347826086956         0.6608990440049932
548.051948051948          0.654402439215038
545.6896551724137         0.4430719496987545
543.3476394849785         0.26547238696065106
541.025641025641          0.1638272215480895
538.7234042553191         0.10763440457543536
536.4406779661016         0.0750553212170545
534.1772151898733         0.05503072293548286
531.9327731092436         0.0420577106178185
529.7071129707113         0.03327391864397041
527.4999999999999         0.02710718920146762
