791.2499999999999         0.09065206465735862
786.3354037267079         0.09323886888811139
781.4814814814814         0.09505072442640723
776.6871165644171         0.09597821499099904
771.951219512195          0.09599665822818522
767.2727272727273         0.09517093288740185
762.6506024096384         0.09364201105151845
758.0838323353291         0.09160054096100329
753.5714285714284         0.0892565711469436
749.1124260355028         0.08681376557731924
744.705882352941          0.0844527493322707
740.3508771929824         0.08232418566739193
736.0465116279069         0.08054959722919211
731.7919075144507         0.07922713373697735
727.5862068965516         0.0784398875482807
723.4285714285713         0.07826524987041404
719.3181818181816         0.07878471220854472
715.2542372881354         0.08009427324757955
711.2359550561796         0.0823162328236269
707.262569832402          0.08561376706873697
703.3333333333333         0.09021046776977734
699.4475138121546         0.096418254773467
695.6043956043954         0.10467913645957905
691.8032786885245         0.11562987908592746
688.0434782608695         0.13020491723611916
684.3243243243243         0.14980368220880189
680.6451612903226         0.17656630072195553
677.0053475935828         0.21382568660984924
673.4042553191488         0.2668114078660815
669.8412698412698         0.3435362988046883
666.315789473684          0.45489545734487036
662.8272251308899         0.6093065948575302
659.3749999999999         0.7887392180833613
655.9585492227978         0.9068553420362261
652.5773195876288         0.8578598658343535
649.2307692307692         0.6796670140510851
645.9183673469387         0.4930689781619245
642.6395939086294         0.3523313745486962
639.3939393939393         0.2565997727822731
636.180904522613          0.19255087211562555
632.9999999999999         0.14904918910566498
629.8507462686566         0.11876372947819012
626.7326732673266         0.09712589605454942
623.6453201970443         0.08129182091095206
620.5882352941176         0.06946019723782977
617.560975609756          0.06046319623069343
614.5631067961165         0.053525229639383484
611.5942028985506         0.04811940322316375
608.6538461538461         0.043880498637190526
605.7416267942583         0.040551074107093264
602.8571428571428         0.037947357937429725
599.9999999999999         0.03593724649619233
597.1698113207547         0.03442589089471447
594.3661971830985         0.03334617172358872
591.5887850467288         0.032652422992627904
588.8372093023255         0.032316404987160055
586.1111111111111         0.03232492442623052
583.4101382488478         0.03267876389372998
580.7339449541283         0.03339277408767725
578.0821917808219         0.03449714390694341
575.4545454545454         0.036040028103077625
572.8506787330316         0.03809191435845379
570.2702702702702         0.040752395919999976
567.7130044843049         0.04416045087955555
565.1785714285713         0.048510029043605
562.6666666666666         0.05407390996801335
560.1769911504424         0.06124076959223309
557.7092511013215         0.07057378869119066
555.2631578947368         0.08290498274411706
552.8384279475981         0.09948924631152274
550.4347826086956         0.12225709826481454
548.051948051948          0.15422089777992498
545.6896551724137         0.20007052682882698
543.3476394849785         0.26676987797748913
541.025641025641          0.36287483892558325
538.7234042553191         0.4916901373658504
536.4406779661016         0.629090224533993
534.1772151898733         0.7026631680951191
531.9327731092436         0.6545849386980247
529.7071129707113         0.529118174180684
527.4999999999999         0.4014902977418616
