791.2499999999999         0.7155940622470589
786.3354037267079         0.5326996040132346
781.4814814814814         0.3955979019196989
776.6871165644171         0.3045730911215946
771.951219512195          0.2450616208188497
767.2727272727273         0.2056901928886489
762.6506024096384         0.17936928159663568
758.0838323353291         0.16187526648836184
753.5714285714284         0.1507094552804235
749.1124260355028         0.14441776360661665
744.705882352941          0.14221648790959404
740.3508771929824         0.14380062915652514
736.0465116279069         0.14926704185532416
731.7919075144507         0.15912391407050308
727.5862068965516         0.17438601497076064
723.4285714285713         0.19678042223670023
719.3181818181816         0.2291149072269413
715.2542372881354         0.27588012834041237
711.2359550561796         0.34408358748699563
707.262569832402          0.44374861704056534
703.3333333333333         0.5849620070837896
699.4475138121546         0.7609406098582191
695.6043956043954         0.906687091607133
691.8032786885245         0.9045944604221487
688.0434782608695         0.7436092061744678
684.3243243243243         0.544525331023133
680.6451612903226         0.3863579877155325
677.0053475935828         0.2777626526007643
673.4042553191488         0.20556537109284098
669.8412698412698         0.15706058998506112
666.315789473684          0.12366450718136876
662.8272251308899         0.10003066023288527
659.3749999999999         0.0828591548089347
655.9585492227978         0.07008160675967769
652.5773195876288         0.0603703742542817
649.2307692307692         0.052850952881110504
645.9183673469387         0.04693243996794454
642.6395939086294         0.04220576838885052
639.3939393939393         0.03838123267381507
636.180904522613          0.03524923229744605
632.9999999999999         0.03265504347083245
629.8507462686566         0.030482267985653334
626.7326732673266         0.028641776595303994
623.6453201970443         0.02706421302563624
620.5882352941176         0.025694857060020688
617.560975609756          0.02449008189006807
614.5631067961165         0.02341490478039245
611.5942028985506         0.022441291092026996
608.6538461538461         0.021546971234108092
605.7416267942583         0.02071459370187638
602.8571428571428         0.019931081309776316
599.9999999999999         0.01918709230846301
597.1698113207547         0.018476518961761473
594.3661971830985         0.01779598525289617
591.5887850467288         0.017144331739615357
588.8372093023255         0.016522096726610837
586.1111111111111         0.01593101646563845
583.4101382488478         0.015373571970033617
580.7339449541283         0.014852607087365896
578.0821917808219         0.014371034165565809
575.4545454545454         0.013931633142542772
572.8506787330316         0.013536940076337134
570.2702702702702         0.013189213935884651
567.7130044843049         0.01289046664852816
565.1785714285713         0.012642540740626285
562.6666666666666         0.01244722063819241
560.1769911504424         0.012306366875198477
557.7092511013215         0.01222206626414215
555.2631578947368         0.012196794945707436
552.8384279475981         0.012233594858303432
550.4347826086956         0.012336267495697257
548.051948051948          0.012509591969561529
545.6896551724137         0.012759577602754202
543.3476394849785         0.013093764880821585
541.025641025641          0.013521593003741093
538.7234042553191         0.01405485804105071
536.4406779661016         0.014708293502090923
534.1772151898733         0.015500315946083691
531.9327731092436         0.016453993425081342
529.7071129707113         0.017598316025894723
527.4999999999999         0.01896987841276127
