791.2499999999999         0.3519327886624056
786.3354037267079         0.4068414133311435
781.4814814814814         0.4674002321069061
776.6871165644171         0.5314302063490548
771.951219512195          0.5954191440745092
767.2727272727273         0.654836863136331
762.6506024096384         0.7049903208259269
758.0838323353291         0.7421871973733556
753.5714285714284         0.7646708061470264
749.1124260355028         0.7728434775598327
744.705882352941          0.7687296323963804
740.3508771929824         0.7550557077572829
736.0465116279069         0.7344060393161403
731.7919075144507         0.7087091505282168
727.5862068965516         0.6790759021445908
723.4285714285713         0.6458980227515302
719.3181818181816         0.6091071765460908
715.2542372881354         0.5685173937361356
711.2359550561796         0.5241778132152701
707.262569832402          0.4766451099376662
703.3333333333333         0.42707999295431526
699.4475138121546         0.37711898301830765
695.6043956043954         0.32856829373778434
691.8032786885245         0.28305076818444963
688.0434782608695         0.24174491007666893
684.3243243243243         0.20528617369270086
680.6451612903226         0.1738143172690206
677.0053475935828         0.14710232535704748
673.4042553191488         0.12470202982829627
669.8412698412698         0.10606644461326292
666.315789473684          0.09063486428896005
662.8272251308899         0.07788306569336376
659.3749999999999         0.06734741252085363
655.9585492227978         0.05863214336969004
652.5773195876288         0.051407153482979466
649.2307692307692         0.04540120090330065
645.9183673469387         0.04039351185967082
642.6395939086294         0.036205402691479024
639.3939393939393         0.03269268816824748
636.180904522613          0.0297391596542193
632.9999999999999         0.027251160188823502
629.8507462686566         0.025153163196529296
626.7326732673266         0.023384216531186764
623.6453201970443         0.021895107388303716
620.5882352941176         0.020646115491932796
617.560975609756          0.01960524065848487
614.5631067961165         0.018746810680916094
611.5942028985506         0.01805039386783437
608.6538461538461         0.017499956553704586
605.7416267942583         0.017083219331664654
602.8571428571428         0.016791176892260968
599.9999999999999         0.01661775557109108
597.1698113207547         0.01655959044518094
594.3661971830985         0.016615910490599285
591.5887850467288         0.016788526317332467
588.8372093023255         0.017081920706880988
586.1111111111111         0.017503447960746026
583.4101382488478         0.01806365429867798
580.7339449541283         0.01877673862150617
578.0821917808219         0.019661181302422476
575.4545454545454         0.020740578747070967
572.8506787330316         0.022044733710138868
570.2702702702702         0.023611066109927196
567.7130044843049         0.025486426346730654
565.1785714285713         0.02772941212237723
562.6666666666666         0.03041330800566909
560.1769911504424         0.033629778632204316
557.7092511013215         0.037493439104995474
555.2631578947368         0.04214737552047095
552.8384279475981         0.04776954905365927
550.4347826086956         0.05457970786339247
548.051948051948          0.06284581762928958
545.6896551724137         0.07288790054530762
543.3476394849785         0.08507528915404042
541.025641025641          0.09981047279380889
538.7234042553191         0.11748921528459887
536.4406779661016         0.13842404524600585
534.1772151898733         0.16272080491195656
531.9327731092436         0.19011323220580198
529.7071129707113         0.21979568139677483
527.4999999999999         0.2503426832321642
