791.2499999999999         0.23374694394390064
786.3354037267079         0.24209844134916003
781.4814814814814         0.2521722825099326
776.6871165644171         0.2644694050058419
771.951219512195          0.2795397236587912
767.2727272727273         0.2980015420990975
762.6506024096384         0.32055978853164613
758.0838323353291         0.34801699304777944
753.5714285714284         0.38126655032821677
749.1124260355028         0.42125024012163936
744.705882352941          0.4688508714439724
740.3508771929824         0.5246786529998514
736.0465116279069         0.5887063334723887
731.7919075144507         0.6597377381545882
727.5862068965516         0.7347969755190676
723.4285714285713         0.8087246793715335
719.3181818181816         0.8744748191746955
715.2542372881354         0.924531493627832
711.2359550561796         0.9532169087255493
707.262569832402          0.9587427223139794
703.3333333333333         0.9436916484730049
699.4475138121546         0.9136876715873843
695.6043956043954         0.8752704616640258
691.8032786885245         0.8341876559796092
688.0434782608695         0.7946117945299084
684.3243243243243         0.75910666274546
680.6451612903226         0.7289507943351691
677.0053475935828         0.7045221817931849
673.4042553191488         0.6856062096766202
669.8412698412698         0.6715953211787479
666.315789473684          0.6615977574367468
662.8272251308899         0.654488883403871
659.3749999999999         0.6489423633140576
655.9585492227978         0.6434782796235902
652.5773195876288         0.6365602592231077
649.2307692307692         0.6267577489174317
645.9183673469387         0.6129586828219474
642.6395939086294         0.5945791016217501
639.3939393939393         0.5716921561571732
636.180904522613          0.5450140959420866
632.9999999999999         0.5157409218593298
629.8507462686566         0.4852939673789126
626.7326732673266         0.4550636500533528
623.6453201970443         0.42622325921176385
620.5882352941176         0.3996398830461027
617.560975609756          0.3758691980535944
614.5631067961165         0.3552018339602196
611.5942028985506         0.3377295341345787
608.6538461538461         0.3234092097423248
605.7416267942583         0.3121136182922111
602.8571428571428         0.303664850333533
599.9999999999999         0.297850656597486
597.1698113207547         0.2944249800822167
594.3661971830985         0.29309424913178433
591.5887850467288         0.2934913183883039
588.8372093023255         0.29514063450861655
586.1111111111111         0.2974223919873136
583.4101382488478         0.29955060003379713
580.7339449541283         0.3005882849542993
578.0821917808219         0.29952615410300365
575.4545454545454         0.29543812413405807
572.8506787330316         0.28769065814940886
570.2702702702702         0.276134564546843
567.7130044843049         0.2611853575460003
565.1785714285713         0.24373703590171336
562.6666666666666         0.22494020768560916
560.1769911504424         0.20594382825536847
557.7092511013215         0.18769954363779057
555.2631578947368         0.17087274364508534
552.8384279475981         0.15584678738489433
550.4347826086956         0.14278012870820878
548.051948051948          0.13167879102994845
545.6896551724137         0.12246169214304144
543.3476394849785         0.11501039535058886
541.025641025641          0.10920334813506297
538.7234042553191         0.10493822292015063
536.4406779661016         0.10214668006268428
534.1772151898733         0.10080542310739245
531.9327731092436         0.10094676818195526
529.7071129707113         0.10267152275488449
527.4999999999999         0.10616687927284893
