791.2499999999999         0.0766958290022877
786.3354037267079         0.10704193701928835
781.4814814814814         0.15444719745538063
776.6871165644171         0.2134208498293413
771.951219512195          0.23753470845724936
767.2727272727273         0.19011374694071662
762.6506024096384         0.12473372871213345
758.0838323353291         0.07921603020820009
753.5714285714284         0.05214482827675469
749.1124260355028         0.03606840861973343
744.705882352941          0.02613709868624241
740.3508771929824         0.019716875521471056
736.0465116279069         0.01538950195999804
731.7919075144507         0.012365795426629956
727.5862068965516         0.010187807127063728
723.4285714285713         0.008578624901155178
719.3181818181816         0.007364400480532823
715.2542372881354         0.006432299285707974
711.2359550561796         0.005706927306749639
707.262569832402          0.0051366254657666775
703.3333333333333         0.0046852317348467605
699.4475138121546         0.004326979994155758
695.6043956043954         0.004043257103043874
691.8032786885245         0.003820494029860762
688.0434782608695         0.003648768747113437
684.3243243243243         0.003520868206169555
680.6451612903226         0.0034316549035145615
677.0053475935828         0.0033776421220862315
673.4042553191488         0.0033567180085427957
669.8412698412698         0.0033679817701954447
666.315789473684          0.0034116709636514185
662.8272251308899         0.0034891704770219256
659.3749999999999         0.0036031036493316126
655.9585492227978         0.0037575158217744604
652.5773195876288         0.003958172265083103
649.2307692307692         0.004213008118349185
645.9183673469387         0.004532791021495107
642.6395939086294         0.004932092920459779
639.3939393939393         0.005430725364489076
636.180904522613          0.006055889165052529
632.9999999999999         0.006845455494322545
629.8507462686566         0.007853090876324477
626.7326732673266         0.009156481832290972
623.6453201970443         0.010870953123309152
620.5882352941176         0.013172843955601265
617.560975609756          0.01634133966324707
614.5631067961165         0.02083703513143381
611.5942028985506         0.027458033945155634
608.6538461538461         0.03767116878708151
605.7416267942583         0.05437004691236657
602.8571428571428         0.0837587704684576
599.9999999999999         0.14036355034824308
597.1698113207547         0.2595858823098736
594.3661971830985         0.5008262958741688
591.5887850467288         0.7106313956405125
588.8372093023255         0.522118386394884
586.1111111111111         0.29935434599103683
583.4101382488478         0.18192452104523382
580.7339449541283         0.12198113291625573
578.0821917808219         0.08878213177792237
575.4545454545454         0.06885615832651755
572.8506787330316         0.05611544818942408
570.2702702702702         0.04758032205188399
567.7130044843049         0.04167630615895295
565.1785714285713         0.03751600928877318
562.6666666666666         0.03457269523045484
560.1769911504424         0.03252110826909206
557.7092511013215         0.03115498486090995
555.2631578947368         0.030342078594063286
552.8384279475981         0.029998631797767877
550.4347826086956         0.030074477837272663
548.051948051948          0.030544261412465155
545.6896551724137         0.03140237792153737
543.3476394849785         0.03266032610674143
541.025641025641          0.03434576446923407
538.7234042553191         0.03650290852694256
536.4406779661016         0.03919412592130202
534.1772151898733         0.04250274482001214
531.9327731092436         0.04653722565941328
529.7071129707113         0.05143698172569449
527.4999999999999         0.05738028933325646
