791.2499999999999         0.03522651104307213
786.3354037267079         0.03410386753338902
781.4814814814814         0.032785220664251026
776.6871165644171         0.03130016124626228
771.951219512195          0.029693212737692983
767.2727272727273         0.028017107799244517
762.6506024096384         0.026325644975971757
758.0838323353291         0.02466772569519562
753.5714285714284         0.023083507390605905
749.1124260355028         0.02160281878055843
744.705882352941          0.020245407250407584
740.3508771929824         0.019022347811460057
736.0465116279069         0.017937975570546466
731.7919075144507         0.0169918753821703
727.5862068965516         0.01618065888823857
723.4285714285713         0.015499417970667584
719.3181818181816         0.014942847001050778
715.2542372881354         0.014506081232579359
711.2359550561796         0.01418532053694268
707.262569832402          0.013978310945001375
703.3333333333333         0.013884751695134897
699.4475138121546         0.01390668940877315
695.6043956043954         0.014048957499724214
691.8032786885245         0.014319720360151248
688.0434782608695         0.014731190167160657
684.3243243243243         0.015300601656814595
680.6451612903226         0.01605156054244608
677.0053475935828         0.017015930427508107
673.4042553191488         0.018236501183158442
669.8412698412698         0.019770805894766045
666.315789473684          0.021696652748390884
662.8272251308899         0.024120263014369706
659.3749999999999         0.027188445218598256
655.9585492227978         0.03110714724810781
652.5773195876288         0.03617030071530185
649.2307692307692         0.042805635201914195
645.9183673469387         0.05164906963095596
642.6395939086294         0.06366814451654008
639.3939393939393         0.08037068495173184
636.180904522613          0.10416119993354063
632.9999999999999         0.1389429436531707
629.8507462686566         0.19106758592679335
626.7326732673266         0.2704756120550312
623.6453201970443         0.39039293196329977
620.5882352941176         0.5588248550866447
617.560975609756          0.7492421545233979
614.5631067961165         0.8739246016096226
611.5942028985506         0.8609246335642741
608.6538461538461         0.7524729947174539
605.7416267942583         0.6285726017442504
602.8571428571428         0.5272754659364095
599.9999999999999         0.4540899593505609
597.1698113207547         0.40427007855415065
594.3661971830985         0.37210397973147946
591.5887850467288         0.35303465214385865
588.8372093023255         0.3435567812511059
586.1111111111111         0.34057453553962347
583.4101382488478         0.3406598543293468
580.7339449541283         0.3394673365120341
578.0821917808219         0.33184134482120764
575.4545454545454         0.31330914531052223
572.8506787330316         0.28265219691997423
570.2702702702702         0.2432643163826877
567.7130044843049         0.20131691482121983
565.1785714285713         0.1623414556999236
562.6666666666666         0.12931365068978506
560.1769911504424         0.10286472121341349
557.7092511013215         0.08232683495970933
555.2631578947368         0.06659566609827934
552.8384279475981         0.05458272415488101
550.4347826086956         0.04537999096673683
548.051948051948          0.0382842324026152
545.6896551724137         0.03276952906864345
543.3476394849785         0.028448486321878422
541.025641025641          0.02503702318348011
538.7234042553191         0.022326542929596144
536.4406779661016         0.020163220604443914
534.1772151898733         0.018433014788048475
531.9327731092436         0.017050957416479964
529.7071129707113         0.015953536526703206
527.4999999999999         0.015093285116977733
