791.2499999999999         0.07937792246138288
786.3354037267079         0.11011843123752073
781.4814814814814         0.16850662917480042
776.6871165644171         0.29043637968336
771.951219512195          0.5176803482890142
767.2727272727273         0.5672674501259569
762.6506024096384         0.2999409170127726
758.0838323353291         0.14137253271942582
753.5714285714284         0.07442961694872031
749.1124260355028         0.043680232072809515
744.705882352941          0.027828895907757993
740.3508771929824         0.018851488155215257
736.0465116279069         0.013384058584807132
731.7919075144507         0.009860677506149766
727.5862068965516         0.007485973447031285
723.4285714285713         0.005826268127878944
719.3181818181816         0.004630991428916572
715.2542372881354         0.0037482654162000234
711.2359550561796         0.003082263535165237
707.262569832402          0.0025704313857237465
703.3333333333333         0.002170724189684774
699.4475138121546         0.001854157784704354
695.6043956043954         0.0016003040331879345
691.8032786885245         0.0013944810556663191
688.0434782608695         0.001225952115536876
684.3243243243243         0.001086742760785807
680.6451612903226         9.708470111365253E-4
677.0053475935828         8.736841816070055E-4
673.4042553191488         7.917206309843512E-4
669.8412698412698         7.2220213622673E-4
666.315789473684          6.629617771653143E-4
662.8272251308899         6.122801914905587E-4
659.3749999999999         5.687826875740895E-4
655.9585492227978         5.313626510601449E-4
652.5773195876288         4.991239462077879E-4
649.2307692307692         4.7133720126346206E-4
645.9183673469387         4.474063552200713E-4
642.6395939086294         4.2684286901610677E-4
639.3939393939393         4.092457202686982E-4
636.180904522613          3.9428580655281626E-4
632.9999999999999         3.8169374386846753E-4
629.8507462686566         3.712503083833362E-4
626.7326732673266         3.627789607498983E-4
623.6453201970443         3.5614003386265277E-4
620.5882352941176         3.512262711865308E-4
617.560975609756          3.479594838699037E-4
614.5631067961165         3.462881580340817E-4
611.5942028985506         3.461858942194486E-4
608.6538461538461         3.476506029817764E-4
605.7416267942583         3.5070441721247813E-4
602.8571428571428         3.5539431550554647E-4
599.9999999999999         3.617934841385363E-4
597.1698113207547         3.700034802388331E-4
594.3661971830985         3.8015729788813213E-4
591.5887850467288         3.924234850822698E-4
588.8372093023255         4.0701151607373077E-4
586.1111111111111         4.241786951725173E-4
583.4101382488478         4.4423896056297504E-4
580.7339449541283         4.675740783434507E-4
578.0821917808219         4.946478792544476E-4
575.4545454545454         5.260244096153648E-4
572.8506787330316         5.623911669930808E-4
570.2702702702702         6.045890035730003E-4
567.7130044843049         6.536508551924719E-4
565.1785714285713         7.108522642820523E-4
562.6666666666666         7.777778197779852E-4
560.1769911504424         8.564093026627146E-4
557.7092511013215         9.492437586543838E-4
555.2631578947368         0.001059453321702326
552.8384279475981         0.001191104023572931
550.4347826086956         0.001349459083822081
548.051948051948          0.001541404995566974
545.6896551724137         0.0017760589978861256
543.3476394849785         0.0020656492442261264
541.025641025641          0.0024268129572672724
538.7234042553191         0.002882549120594831
536.4406779661016         0.0034652207573577193
534.1772151898733         0.004221285501009794
531.9327731092436         0.005218958077290958
529.7071129707113         0.006561016912309527
527.4999999999999         0.008406989175712311
