791.2499999999999         0.04150970848081504
786.3354037267079         0.038703557610797176
781.4814814814814         0.036444212410728226
776.6871165644171         0.03464881482039084
771.951219512195          0.03325557100167118
767.2727272727273         0.032219457885582094
762.6506024096384         0.03150928361687426
758.0838323353291         0.031105792203538807
753.5714285714284         0.03100062598218065
749.1124260355028         0.0311960574185767
744.705882352941          0.03170548973973224
740.3508771929824         0.032554818377823445
736.0465116279069         0.03378485869433899
731.7919075144507         0.03545520248883033
727.5862068965516         0.03765010106521569
723.4285714285713         0.04048734312612374
719.3181818181816         0.044131698394303295
715.2542372881354         0.048815499764792776
711.2359550561796         0.05487062506982464
707.262569832402          0.06277899000203428
703.3333333333333         0.0732533784487123
699.4475138121546         0.08736766029382227
695.6043956043954         0.10676384886195281
691.8032786885245         0.1339607210568563
688.0434782608695         0.17271463386567285
684.3243243243243         0.22799891836803787
680.6451612903226         0.3037589170779556
677.0053475935828         0.3936113269747083
673.4042553191488         0.4637403877096236
669.8412698412698         0.4637791661013226
666.315789473684          0.39246475132723585
662.8272251308899         0.3002398134380608
659.3749999999999         0.2225225934543363
655.9585492227978         0.16615628040074282
652.5773195876288         0.12696533063083498
649.2307692307692         0.09969081121000954
645.9183673469387         0.08038868808615715
642.6395939086294         0.06643598164053274
639.3939393939393         0.05613649558644518
636.180904522613          0.04838917049837453
632.9999999999999         0.04246800889279662
629.8507462686566         0.03788491962887757
626.7326732673266         0.034305243695286584
623.6453201970443         0.031495339416029444
620.5882352941176         0.029289569475034805
617.560975609756          0.027569144741035244
614.5631067961165         0.026248335799613828
611.5942028985506         0.02526535618046024
608.6538461538461         0.024576276067631065
605.7416267942583         0.024150953594308123
602.8571428571428         0.023970351979189276
599.9999999999999         0.024024847346821743
597.1698113207547         0.024313283183904806
594.3661971830985         0.024842627451750133
591.5887850467288         0.025628157600450136
588.8372093023255         0.026694148661879205
586.1111111111111         0.02807507575773556
583.4101382488478         0.029817364676374376
580.7339449541283         0.0319817251455871
578.0821917808219         0.03464606105288697
575.4545454545454         0.037908827298965185
572.8506787330316         0.04189240974983452
570.2702702702702         0.04674548651478171
567.7130044843049         0.052642119238331814
565.1785714285713         0.05977313426903593
562.6666666666666         0.06832181943582921
560.1769911504424         0.07841139811983965
557.7092511013215         0.09000903118427135
555.2631578947368         0.10277927012871849
552.8384279475981         0.11591615103565225
550.4347826086956         0.12805882965640428
548.051948051948          0.1374662824702316
545.6896551724137         0.14255092807953987
543.3476394849785         0.14255910861416216
541.025641025641          0.13791264366563163
538.7234042553191         0.12993656744383364
536.4406779661016         0.12023129223101275
534.1772151898733         0.11015026061429865
531.9327731092436         0.10059239842198239
529.7071129707113         0.09203577491255181
527.4999999999999         0.0846637071291693
