791.2499999999999         0.5368650081930895
786.3354037267079         0.5713116988496529
781.4814814814814         0.5970332049166076
776.6871165644171         0.6116282478261357
771.951219512195          0.6137607004689273
767.2727272727273         0.6035869150602203
762.6506024096384         0.5827591266232659
758.0838323353291         0.5539828000898563
753.5714285714284         0.5203401293433079
749.1124260355028         0.48466898888653126
744.705882352941          0.44918203285930214
740.3508771929824         0.4153481863128594
736.0465116279069         0.3839557655422121
731.7919075144507         0.3552576324832532
727.5862068965516         0.3291279374348083
723.4285714285713         0.30519769647116146
719.3181818181816         0.28296359743958727
715.2542372881354         0.2618778891780355
711.2359550561796         0.24142960749296896
707.262569832402          0.221221654225026
703.3333333333333         0.20103743794860773
699.4475138121546         0.18088032907392046
695.6043956043954         0.16096716418016954
691.8032786885245         0.1416691644781144
688.0434782608695         0.12341564164155736
684.3243243243243         0.10659323404717154
680.6451612903226         0.09147321059260158
677.0053475935828         0.07818260500055405
673.4042553191488         0.06671464092792244
669.8412698412698         0.056962147836237105
666.315789473684          0.048757026530856964
662.8272251308899         0.04190460792348265
659.3749999999999         0.03620837133928799
655.9585492227978         0.031485019544502585
652.5773195876288         0.02757198187267934
649.2307692307692         0.024329821217355992
645.9183673469387         0.0216416331283609
642.6395939086294         0.019410922190487855
639.3939393939393         0.01755889571350958
636.180904522613          0.016021711844829072
632.9999999999999         0.01474795461006727
629.8507462686566         0.013696449421578398
626.7326732673266         0.012834444964354248
623.6453201970443         0.01213614420126137
620.5882352941176         0.011581550164850076
617.560975609756          0.011155589724987251
614.5631067961165         0.010847483997753638
611.5942028985506         0.010650344077505878
608.6538461538461         0.010560984071616668
605.7416267942583         0.01057996032491087
602.8571428571428         0.010711868047123322
599.9999999999999         0.010965957964782174
597.1698113207547         0.011357182675242656
594.3661971830985         0.011907856751589717
591.5887850467288         0.01265023751232542
588.8372093023255         0.013630544398325296
586.1111111111111         0.014915311091376898
583.4101382488478         0.016601661337751452
580.7339449541283         0.018834444881598227
578.0821917808219         0.021835890607789378
575.4545454545454         0.02595923142981095
572.8506787330316         0.03179087151720215
570.2702702702702         0.0403574532369977
567.7130044843049         0.053577515685622606
565.1785714285713         0.0753357895497767
562.6666666666666         0.11430020660812418
560.1769911504424         0.19197085739850572
557.7092511013215         0.3639315063112781
555.2631578947368         0.70002940919338
552.8384279475981         0.779168755660795
550.4347826086956         0.4325630704751537
548.051948051948          0.22320981069958346
545.6896551724137         0.12948736067764768
543.3476394849785         0.08372204845174992
541.025641025641          0.05874743628569254
538.7234042553191         0.04384046396529151
536.4406779661016         0.03431317533974068
534.1772151898733         0.027899091837529547
531.9327731092436         0.023406311905259693
529.7071129707113         0.020163695922217763
527.4999999999999         0.017771793417974427
