791.2499999999999         0.04189752227211398
786.3354037267079         0.041923107375284596
781.4814814814814         0.04222123225383832
776.6871165644171         0.04277372452126319
771.951219512195          0.043564470189800863
767.2727272727273         0.04457795752194293
762.6506024096384         0.04579797567252651
758.0838323353291         0.04720651807957911
753.5714285714284         0.04878299226933157
749.1124260355028         0.050503879732908964
744.705882352941          0.052343007117570166
740.3508771929824         0.054272565783380584
736.0465116279069         0.056264938075696866
731.7919075144507         0.05829525766872106
727.5862068965516         0.06034447372643135
723.4285714285713         0.062402552943807664
719.3181818181816         0.06447139632773566
715.2542372881354         0.06656710771573503
711.2359550561796         0.06872142664997644
707.262569832402          0.07098238249024688
703.3333333333333         0.07341446809104489
699.4475138121546         0.07609880779603292
695.6043956043954         0.07913388021139642
691.8032786885245         0.08263736825299729
688.0434782608695         0.0867496934754184
684.3243243243243         0.09163980271416847
680.6451612903226         0.0975138581567332
677.0053475935828         0.10462766737263941
673.4042553191488         0.11330399114621267
669.8412698412698         0.12395627443391542
666.315789473684          0.13712079720161166
662.8272251308899         0.15349953856312196
659.3749999999999         0.1740156477244959
655.9585492227978         0.19988096459705476
652.5773195876288         0.23266737844087237
649.2307692307692         0.2743541931561248
645.9183673469387         0.32727942590727516
642.6395939086294         0.39383693575585205
639.3939393939393         0.4756343614874097
636.180904522613          0.5717660698031547
632.9999999999999         0.6762497258853873
629.8507462686566         0.7761234060290112
626.7326732673266         0.8535948034901483
623.6453201970443         0.8941019864919556
620.5882352941176         0.8949590301673683
617.560975609756          0.8659853107298029
614.5631067961165         0.8222599543512358
611.5942028985506         0.7769048608437907
608.6538461538461         0.7384164143650737
605.7416267942583         0.7113500222525287
602.8571428571428         0.6979386552964287
599.9999999999999         0.6994069987569275
597.1698113207547         0.7166985158247261
594.3661971830985         0.750597125252654
591.5887850467288         0.8010781492296322
588.8372093023255         0.8654016614276027
586.1111111111111         0.9343783940947668
583.4101382488478         0.987813404503823
580.7339449541283         0.9954523352525944
578.0821917808219         0.9333667389486289
575.4545454545454         0.8078809090882972
572.8506787330316         0.6544401691983411
570.2702702702702         0.5091514659705761
567.7130044843049         0.3899696755360721
565.1785714285713         0.29919986517513625
562.6666666666666         0.23227590879082688
560.1769911504424         0.18337089565162049
557.7092511013215         0.14751079527919686
555.2631578947368         0.12097136407345865
552.8384279475981         0.10110442512765294
550.4347826086956         0.08606113608924952
548.051948051948          0.0745542038394213
545.6896551724137         0.06568322080079404
543.3476394849785         0.05881379566839685
541.025641025641          0.053495869950964045
538.7234042553191         0.049408982002810395
536.4406779661016         0.046325717325525914
534.1772151898733         0.04408746727799252
531.9327731092436         0.04258869972036904
529.7071129707113         0.0417673962876199
527.4999999999999         0.041600354193882916
