791.2499999999999         0.2939811567944997
786.3354037267079         0.31053872323224235
781.4814814814814         0.32626893492711223
776.6871165644171         0.34059380898619396
771.951219512195          0.35293949597371416
767.2727272727273         0.3627928310885561
762.6506024096384         0.36975636542726753
758.0838323353291         0.3735901714145073
753.5714285714284         0.3742311869817277
749.1124260355028         0.37178666821246625
744.705882352941          0.3665051678948242
740.3508771929824         0.3587335962462767
736.0465116279069         0.3488706703271998
731.7919075144507         0.33732550632220915
727.5862068965516         0.32448664566545016
723.4285714285713         0.31070310280243013
719.3181818181816         0.2962762242764079
715.2542372881354         0.28145964284749675
711.2359550561796         0.2664642280058252
707.262569832402          0.2514652791282769
703.3333333333333         0.23660989620987333
699.4475138121546         0.2220232265067803
695.6043956043954         0.20781297200559254
691.8032786885245         0.19407208246325383
688.0434782608695         0.18087992810486334
684.3243243243243         0.16830244665253416
680.6451612903226         0.15639181038632427
677.0053475935828         0.14518609402952765
673.4042553191488         0.13470928692670345
669.8412698412698         0.124971828953001
666.315789473684          0.11597169786196626
662.8272251308899         0.10769596203715778
659.3749999999999         0.10012264710543768
655.9585492227978         0.09322274469362977
652.5773195876288         0.08696220566723273
649.2307692307692         0.08130379452600464
645.9183673469387         0.07620872352615068
642.6395939086294         0.0716380252571576
639.3939393939393         0.06755365545160133
636.180904522613          0.06391934171437332
632.9999999999999         0.060701208887519585
629.8507462686566         0.05786821944180901
626.7326732673266         0.05539246959010718
623.6453201970443         0.05324938068203728
620.5882352941176         0.05141782249194783
617.560975609756          0.04988020150090757
614.5631067961165         0.048622544097110316
611.5942028985506         0.047634602414436275
608.6538461538461         0.046910009766193125
605.7416267942583         0.046446513723709976
602.8571428571428         0.04624631828917895
599.9999999999999         0.04631657291696727
597.1698113207547         0.04667005620861311
594.3661971830985         0.04732611721612712
591.5887850467288         0.04831195931659194
588.8372093023255         0.04966438332517823
586.1111111111111         0.0514321518798724
583.4101382488478         0.05367920179910474
580.7339449541283         0.05648902275800918
578.0821917808219         0.05997064888865668
575.4545454545454         0.06426688469816413
572.8506787330316         0.06956561166594874
570.2702702702702         0.07611527461238266
567.7130044843049         0.08424582412874075
565.1785714285713         0.09439616430842818
562.6666666666666         0.10714760190281726
560.1769911504424         0.12325750521388486
557.7092511013215         0.14367247004923672
555.2631578947368         0.169462808118959
552.8384279475981         0.201537969172756
550.4347826086956         0.2398662149049209
548.051948051948          0.28186564658172597
545.6896551724137         0.32027465540490735
543.3476394849785         0.3430583909996014
541.025641025641          0.33944988097289935
538.7234042553191         0.30930996949540557
536.4406779661016         0.2637854804083222
534.1772151898733         0.21591716476780395
531.9327731092436         0.17353836668172273
529.7071129707113         0.139115052367732
527.4999999999999         0.11224092143774297
