791.2499999999999         0.18557527454646655
786.3354037267079         0.1893985876791021
781.4814814814814         0.19509829031558182
776.6871165644171         0.20284312060816728
771.951219512195          0.21285888337279543
767.2727272727273         0.22543157535235572
762.6506024096384         0.24090731301319143
758.0838323353291         0.25968452791795005
753.5714285714284         0.28219050399879525
749.1124260355028         0.3088292790116381
744.705882352941          0.33988164723235986
740.3508771929824         0.3753333662676001
736.0465116279069         0.41461321702699894
731.7919075144507         0.4562558013519294
727.5862068965516         0.49758697218152104
723.4285714285713         0.5346588935646568
719.3181818181816         0.562743574857684
715.2542372881354         0.5775265247590923
711.2359550561796         0.5766258317555367
707.262569832402          0.5605664166250246
703.3333333333333         0.5325284655530134
699.4475138121546         0.4970660181465933
695.6043956043954         0.45865430437348254
691.8032786885245         0.4207722023253496
688.0434782608695         0.38565410501106856
684.3243243243243         0.3544693331264579
680.6451612903226         0.32764665941229
677.0053475935828         0.30517592046099185
673.4042553191488         0.2868288774557113
669.8412698412698         0.2723004684599467
666.315789473684          0.2612911045601431
662.8272251308899         0.25355129147435496
659.3749999999999         0.24890460501947456
655.9585492227978         0.24725948697009817
652.5773195876288         0.24861601211909165
649.2307692307692         0.2530706196336948
645.9183673469387         0.2608191430818971
642.6395939086294         0.27215537239385496
639.3939393939393         0.2874575158692754
636.180904522613          0.3071463752718154
632.9999999999999         0.3315843814497899
629.8507462686566         0.36086285117955114
626.7326732673266         0.3944040535100378
623.6453201970443         0.43032297112379014
620.5882352941176         0.4646501168250526
617.560975609756          0.49093968001254035
614.5631067961165         0.5013220875516696
611.5942028985506         0.48972230400825334
608.6538461538461         0.45571747577374483
605.7416267942583         0.40544631222015703
602.8571428571428         0.34827651828751965
599.9999999999999         0.2923867116984036
597.1698113207547         0.2426054398848872
594.3661971830985         0.20067894529286084
591.5887850467288         0.16646499151306282
588.8372093023255         0.1389824844985039
586.1111111111111         0.11703691870004217
583.4101382488478         0.09951053928226047
580.7339449541283         0.08546220584115526
578.0821917808219         0.07413858626122756
575.4545454545454         0.06495153272558232
572.8506787330316         0.05744702037915767
570.2702702702702         0.051275806944084366
567.7130044843049         0.04616899307897986
565.1785714285713         0.041918793953317754
562.6666666666666         0.03836383123789227
560.1769911504424         0.03537803475150741
557.7092511013215         0.032862313592992146
555.2631578947368         0.030738309981553507
552.8384279475981         0.028943704676967684
550.4347826086956         0.027428674540173607
548.051948051948          0.026153206015176057
545.6896551724137         0.025085046210348395
543.3476394849785         0.024198130895609876
541.025641025641          0.023471370958919324
538.7234042553191         0.022887709669908027
536.4406779661016         0.0224333855507383
534.1772151898733         0.022097352038101262
531.9327731092436         0.021870817104106714
529.7071129707113         0.021746874796712827
527.4999999999999         0.021720207136362173
