791.2499999999999         0.733022069084867
786.3354037267079         0.5010416355290486
781.4814814814814         0.34393226808553173
776.6871165644171         0.24796265651683277
771.951219512195          0.18848445336689165
767.2727272727273         0.1501076887046212
762.6506024096384         0.12432113817573764
758.0838323353291         0.10638960786805017
753.5714285714284         0.09358155379334111
749.1124260355028         0.08425402266221363
744.705882352941          0.07737828630761258
740.3508771929824         0.07228608605291538
736.0465116279069         0.06852866229780862
731.7919075144507         0.06579549763323286
727.5862068965516         0.06386592794977008
723.4285714285713         0.06257958078990407
719.3181818181816         0.0618180416820094
715.2542372881354         0.06149348938227316
711.2359550561796         0.061541817931265536
707.262569832402          0.06191872852324622
703.3333333333333         0.06259781296279365
699.4475138121546         0.06356997305720223
695.6043956043954         0.06484374647851736
691.8032786885245         0.06644630614688339
688.0434782608695         0.0684250983413004
684.3243243243243         0.07085029329639098
680.6451612903226         0.07381844112247132
677.0053475935828         0.07745796129160504
673.4042553191488         0.08193736829397182
669.8412698412698         0.08747749387050956
666.315789473684          0.09436947145726292
662.8272251308899         0.10300097116928753
659.3749999999999         0.11389414765417653
655.9585492227978         0.12775985607626117
652.5773195876288         0.14557321803373865
649.2307692307692         0.16867324640696568
645.9183673469387         0.1988770652766426
642.6395939086294         0.23855875942963842
639.3939393939393         0.2905304259696211
636.180904522613          0.3573027765881068
632.9999999999999         0.4388877644228502
629.8507462686566         0.5283573034091288
626.7326732673266         0.6071917413903771
623.6453201970443         0.6491104490514547
620.5882352941176         0.6384618896652292
617.560975609756          0.5847076247495329
614.5631067961165         0.5120457574808575
611.5942028985506         0.4405528202690575
608.6538461538461         0.379795903771491
605.7416267942583         0.33197518432148576
602.8571428571428         0.29608171785414383
599.9999999999999         0.27028301302506164
597.1698113207547         0.2529024007420195
594.3661971830985         0.24272261236744347
591.5887850467288         0.2390422617638659
588.8372093023255         0.24167594246875035
586.1111111111111         0.2509750772958207
583.4101382488478         0.2679026939788968
580.7339449541283         0.2941779431000704
578.0821917808219         0.3324826329932888
575.4545454545454         0.38663784346305347
572.8506787330316         0.4613741682688817
570.2702702702702         0.560523300841564
567.7130044843049         0.6809585791957555
565.1785714285713         0.8000685034752061
562.6666666666666         0.8682098204329961
560.1769911504424         0.8399665149729378
557.7092511013215         0.7280442605283216
555.2631578947368         0.5887577837198843
552.8384279475981         0.46451223536838976
550.4347826086956         0.3684661674227232
548.051948051948          0.2984626816555832
545.6896551724137         0.24852957827482222
543.3476394849785         0.21323764270240886
541.025641025641          0.18860163408680253
538.7234042553191         0.17193602312201747
536.4406779661016         0.16154183801552405
534.1772151898733         0.1564597217977774
531.9327731092436         0.15632962227105512
529.7071129707113         0.16135724358797895
527.4999999999999         0.1723940506157687
