791.2499999999999         0.025481496061553227
786.3354037267079         0.027871233311378446
781.4814814814814         0.030972578594366564
776.6871165644171         0.035014219918932984
771.951219512195          0.04033030760131615
767.2727272727273         0.04741861728962076
762.6506024096384         0.05703676723803691
758.0838323353291         0.0703630131935121
753.5714285714284         0.08926251161307062
749.1124260355028         0.11670179878617745
744.705882352941          0.15725309836510137
740.3508771929824         0.2170406943822741
736.0465116279069         0.3002679246346302
731.7919075144507         0.39563960072157905
727.5862068965516         0.45834907567410027
723.4285714285713         0.4425319540684261
719.3181818181816         0.36847611891661725
715.2542372881354         0.2870044234082841
711.2359550561796         0.2221651680477436
707.262569832402          0.1758101280406367
703.3333333333333         0.14358764480458144
699.4475138121546         0.12121489167440536
695.6043956043954         0.10563523313179926
691.8032786885245         0.09484932998492808
688.0434782608695         0.08758957000201502
684.3243243243243         0.0830747140345909
680.6451612903226         0.08085670493871933
677.0053475935828         0.08073630280428262
673.4042553191488         0.08272942441271042
669.8412698412698         0.08707766835884097
666.315789473684          0.09431004437835389
662.8272251308899         0.105382532843261
659.3749999999999         0.12195866709779869
655.9585492227978         0.14697263763972335
652.5773195876288         0.18579239422486343
649.2307692307692         0.24867177276808253
645.9183673469387         0.35560244885499237
642.6395939086294         0.541345077045503
639.3939393939393         0.8209287399892157
636.180904522613          0.9876488758755441
632.9999999999999         0.7620093523474555
629.8507462686566         0.45618363382606086
626.7326732673266         0.2689732681303708
623.6453201970443         0.16816587337907624
620.5882352941176         0.11203032922387994
617.560975609756          0.07876095644055252
614.5631067961165         0.05783358558887617
611.5942028985506         0.04398088555396815
608.6538461538461         0.03441123516546263
605.7416267942583         0.027559421873685364
602.8571428571428         0.022502629666814482
599.9999999999999         0.01867253698211265
597.1698113207547         0.01570574481360133
594.3661971830985         0.013362246959760427
591.5887850467288         0.01147903945066369
588.8372093023255         0.009942697562002414
586.1111111111111         0.008672605043541656
583.4101382488478         0.007610381385464699
580.7339449541283         0.006713032148927844
578.0821917808219         0.005948401377706458
575.4545454545454         0.005292085986058312
572.8506787330316         0.0047253020701269405
570.2702702702702         0.004233385718050388
567.7130044843049         0.003804725985064966
565.1785714285713         0.0034299979247752015
562.6666666666666         0.00310160729117132
560.1769911504424         0.0028132863416902507
557.7092511013215         0.002559798311411651
555.2631578947368         0.0023367203007746257
552.8384279475981         0.00214028273977635
550.4347826086956         0.001967249584680808
548.051948051948          0.0018148277632525735
545.6896551724137         0.0016805975965647876
543.3476394849785         0.0015624582980163873
541.025641025641          0.0014585843923628676
538.7234042553191         0.0013673901611302866
536.4406779661016         0.0012875001223971666
534.1772151898733         0.0012177241846401269
531.9327731092436         0.0011570365491234357
529.7071129707113         0.0011045577301274203
527.4999999999999         0.0010595392606165053
