791.2499999999999         0.3044652232541578
786.3354037267079         0.4044118730133887
781.4814814814814         0.5194431392930451
776.6871165644171         0.6049806561135883
771.951219512195          0.604411234400988
767.2727272727273         0.5217201214789663
762.6506024096384         0.41371365168395857
758.0838323353291         0.3198914838117716
753.5714285714284         0.24942028408229025
749.1124260355028         0.19878649446280827
744.705882352941          0.16250433012505852
740.3508771929824         0.1361462613910188
736.0465116279069         0.11662022020896445
731.7919075144507         0.10184896254515045
727.5862068965516         0.0904400974047889
723.4285714285713         0.0814491418634626
719.3181818181816         0.07422473417549859
715.2542372881354         0.06831022689386573
711.2359550561796         0.0633812316514935
707.262569832402          0.05920555228905345
703.3333333333333         0.05561696064525851
699.4475138121546         0.052497515325099185
695.6043956043954         0.04976516956367264
691.8032786885245         0.04736471341439769
688.0434782608695         0.04526092631307349
684.3243243243243         0.04343333540010703
680.6451612903226         0.04187227586611388
677.0053475935828         0.040576099576821706
673.4042553191488         0.03954943585840796
669.8412698412698         0.03880242431521247
666.315789473684          0.03835085261014121
662.8272251308899         0.0382171669556786
659.3749999999999         0.038432393478174426
655.9585492227978         0.039039124903750416
652.5773195876288         0.04009590537452256
649.2307692307692         0.04168362022545744
645.9183673469387         0.04391493464347047
642.6395939086294         0.046948555780629606
639.3939393939393         0.0510113693250334
636.180904522613          0.056433821274339865
632.9999999999999         0.06370828955918302
629.8507462686566         0.07358873691154401
626.7326732673266         0.0872672166005683
623.6453201970443         0.1066987490668461
620.5882352941176         0.1352216401955985
617.560975609756          0.17877168076639194
614.5631067961165         0.248212740567276
611.5942028985506         0.36298437462846983
608.6538461538461         0.5502233077650615
605.7416267942583         0.7996844985038422
602.8571428571428         0.929688927424934
599.9999999999999         0.7687630503283064
597.1698113207547         0.5208472577946839
594.3661971830985         0.3432492609276244
591.5887850467288         0.23538960219472163
588.8372093023255         0.17005152117675523
586.1111111111111         0.1289267513210676
583.4101382488478         0.10189241583067196
580.7339449541283         0.08341598864417335
578.0821917808219         0.07037640056833235
575.4545454545454         0.06093954158821139
572.8506787330316         0.05398380126539969
570.2702702702702         0.04879844365886118
567.7130044843049         0.044919248235069514
565.1785714285713         0.04203549751021927
562.6666666666666         0.03993545113480856
560.1769911504424         0.03847336188905532
557.7092511013215         0.037548982726199144
555.2631578947368         0.03709456549212195
552.8384279475981         0.03706650533840099
550.4347826086956         0.03743996988041859
548.051948051948          0.038205528196446
545.6896551724137         0.0393671968211403
543.3476394849785         0.04094157288813376
541.025641025641          0.0429578981978694
538.7234042553191         0.04545903395831982
536.4406779661016         0.04850345240201355
534.1772151898733         0.052168491295274295
531.9327731092436         0.05655529408539395
529.7071129707113         0.0617961021789638
527.4999999999999         0.06806492093880508
