791.2499999999999         0.10442360303542919
786.3354037267079         0.10921668507081732
781.4814814814814         0.11577392178041838
776.6871165644171         0.1244573266990027
771.951219512195          0.1357583463291162
767.2727272727273         0.15032670209002535
762.6506024096384         0.1689871207774768
758.0838323353291         0.1927044771097891
753.5714285714284         0.22239981818719148
749.1124260355028         0.25841065744489017
744.705882352941          0.2992726516143354
740.3508771929824         0.33971575321994646
736.0465116279069         0.36920730698838844
731.7919075144507         0.3749326430230757
727.5862068965516         0.3510047767188836
723.4285714285713         0.3047895124715173
719.3181818181816         0.2508149576013711
715.2542372881354         0.20051098786875957
711.2359550561796         0.15879264030304227
707.262569832402          0.12612348967462195
703.3333333333333         0.10114746885984421
699.4475138121546         0.08216260774921859
695.6043956043954         0.06767652004519706
691.8032786885245         0.05652827237391461
688.0434782608695         0.047857411248478206
684.3243243243243         0.041037643997881006
680.6451612903226         0.03561470723068293
677.0053475935828         0.03125781398807435
673.4042553191488         0.027724225803630223
669.8412698412698         0.024834115694308875
666.315789473684          0.02245290263592808
662.8272251308899         0.020478839548058854
659.3749999999999         0.018834251152029614
655.9585492227978         0.017459302935447688
652.5773195876288         0.0163075319197882
649.2307692307692         0.015342612210563697
645.9183673469387         0.014535993567572634
642.6395939086294         0.013865163402569443
639.3939393939393         0.013312358860262923
636.180904522613          0.012863607747709803
632.9999999999999         0.012508012976172756
629.8507462686566         0.012237220167862065
626.7326732673266         0.012045025701298711
623.6453201970443         0.011927095107338172
620.5882352941176         0.011880771005236589
617.560975609756          0.01190495680964612
614.5631067961165         0.012000068050098697
611.5942028985506         0.012168047930870245
608.6538461538461         0.012412448216899699
605.7416267942583         0.012738581114907457
602.8571428571428         0.013153753004064987
599.9999999999999         0.013667597223391365
597.1698113207547         0.01429253138611068
594.3661971830985         0.015044375904874637
591.5887850467288         0.01594318609947585
588.8372093023255         0.017014372715565867
586.1111111111111         0.018290218445051507
583.4101382488478         0.019811946656686723
580.7339449541283         0.021632571882699545
578.0821917808219         0.023820874065608882
575.4545454545454         0.026467013953643856
572.8506787330316         0.02969058538923067
570.2702702702702         0.03365235013015494
567.7130044843049         0.03857164171255385
565.1785714285713         0.04475266805934858
562.6666666666666         0.052625066684084
560.1769911504424         0.06280775307280284
557.7092511013215         0.07621156554699429
555.2631578947368         0.09420750370085831
552.8384279475981         0.1189064291752704
550.4347826086956         0.1536245726716611
548.051948051948          0.2036334240257281
545.6896551724137         0.27721763112835784
543.3476394849785         0.38644892335337894
541.025641025641          0.544368590879817
538.7234042553191         0.7479329278032535
536.4406779661016         0.9373881771542433
534.1772151898733         0.9967854170834515
531.9327731092436         0.8915292926426359
529.7071129707113         0.7160682555802022
527.4999999999999         0.5550127529528704
