791.2499999999999         0.08135976671074079
786.3354037267079         0.08010527596169587
781.4814814814814         0.07821694112271209
776.6871165644171         0.07583511760811183
771.951219512195          0.07313809976001716
767.2727272727273         0.07031365270902251
762.6506024096384         0.06753604994467605
758.0838323353291         0.06495269736821375
753.5714285714284         0.0626803109454196
749.1124260355028         0.06080818601835425
744.705882352941          0.05940557448556115
740.3508771929824         0.05853085449229246
736.0465116279069         0.05824124010078669
731.7919075144507         0.058602771666636515
727.5862068965516         0.0597011309513783
723.4285714285713         0.06165453307047601
719.3181818181816         0.06463077202722381
715.2542372881354         0.06887175482341917
711.2359550561796         0.07473106046383503
707.262569832402          0.08273412971137332
703.3333333333333         0.09367844055723869
699.4475138121546         0.10880611012785328
695.6043956043954         0.13011109111980598
691.8032786885245         0.1609007259015121
688.0434782608695         0.20683105567656707
684.3243243243243         0.2777220290378907
680.6451612903226         0.3899191667843918
677.0053475935828         0.5640453884671484
673.4042553191488         0.7911763260150503
669.8412698412698         0.9377866420608425
666.315789473684          0.8351331094349931
662.8272251308899         0.601638430073213
659.3749999999999         0.4077324053861237
655.9585492227978         0.28184252281671157
652.5773195876288         0.2034309919322223
649.2307692307692         0.15357722006964586
645.9183673469387         0.12074575756900527
642.6395939086294         0.09836191849156542
639.3939393939393         0.08264409743169956
636.180904522613          0.07135117560382506
632.9999999999999         0.06310953651784963
629.8507462686566         0.057050508207617985
626.7326732673266         0.052610085726594986
623.6453201970443         0.04941478278314984
620.5882352941176         0.047214459272353564
617.560975609756          0.04584151873192099
614.5631067961165         0.04518524947124055
611.5942028985506         0.045174895673002737
608.6538461538461         0.04576751331464556
605.7416267942583         0.046937871725139885
602.8571428571428         0.048668156297137485
599.9999999999999         0.05093536168323447
597.1698113207547         0.053694423981346266
594.3661971830985         0.05685597680576006
591.5887850467288         0.06026020158766555
588.8372093023255         0.06365374658432112
586.1111111111111         0.06668475357364521
583.4101382488478         0.06893655555009119
580.7339449541283         0.07001238344989591
578.0821917808219         0.06965323878467428
575.4545454545454         0.06783386873330252
572.8506787330316         0.06477728385306306
570.2702702702702         0.06087613359470141
567.7130044843049         0.05656950347764402
565.1785714285713         0.052239723156236095
562.6666666666666         0.04816223631177016
560.1769911504424         0.04450318837298576
557.7092511013215         0.04134256765346758
555.2631578947368         0.038703502603946435
552.8384279475981         0.03657748911933023
550.4347826086956         0.03494260250435088
548.051948051948          0.033775400997270784
545.6896551724137         0.033058359205117745
543.3476394849785         0.03278463040747231
541.025641025641          0.03296154976567686
538.7234042553191         0.033613913497471774
536.4406779661016         0.03478780206547242
534.1772151898733         0.03655553888580849
531.9327731092436         0.03902219665263393
529.7071129707113         0.04233367585183441
527.4999999999999         0.04668532178145224
