791.2499999999999         0.09917806774531594
786.3354037267079         0.09787263216899741
781.4814814814814         0.09953785015027643
776.6871165644171         0.10445517690806405
771.951219512195          0.11333279087853124
767.2727272727273         0.1275141917227122
762.6506024096384         0.1494027854407244
758.0838323353291         0.18331196145173617
753.5714285714284         0.23715925470980057
749.1124260355028         0.3255965824418274
744.705882352941          0.4733701643113014
740.3508771929824         0.7007430509765986
736.0465116279069         0.9177075194896974
731.7919075144507         0.8636276207335768
727.5862068965516         0.5996049066076486
723.4285714285713         0.3801626050009085
719.3181818181816         0.24811153395135113
715.2542372881354         0.17167296211889063
711.2359550561796         0.12585860551165814
707.262569832402          0.09709233528603811
703.3333333333333         0.0782727888035248
699.4475138121546         0.06557604533678957
695.6043956043954         0.05685605011949978
691.8032786885245         0.05086363385069466
688.0434782608695         0.04685581844529223
684.3243243243243         0.04439467660082634
680.6451612903226         0.0432432698328114
677.0053475935828         0.04331614931907646
673.4042553191488         0.044666548349858955
669.8412698412698         0.04750742192964098
666.315789473684          0.052278040102017954
662.8272251308899         0.059791808639612753
659.3749999999999         0.07155487206847276
655.9585492227978         0.09048560740242889
652.5773195876288         0.12266686269765822
649.2307692307692         0.1819533693750655
645.9183673469387         0.3019628743936812
642.6395939086294         0.5469493639595616
639.3939393939393         0.7912113905808053
636.180904522613          0.5511059729916249
632.9999999999999         0.27440650585516974
629.8507462686566         0.145447600878387
626.7326732673266         0.08635050682108315
623.6453201970443         0.05624989890331386
620.5882352941176         0.03933143094253935
617.560975609756          0.029052719185326953
614.5631067961165         0.022420172516806943
611.5942028985506         0.017934990370396656
608.6538461538461         0.014788689672263567
605.7416267942583         0.01251772349782622
602.8571428571428         0.01084268666078949
599.9999999999999         0.009588117162117616
597.1698113207547         0.008640099289090479
594.3661971830985         0.007922722993253679
591.5887850467288         0.0073844646542322355
588.8372093023255         0.006990039697260499
586.1111111111111         0.006715405873622482
583.4101382488478         0.006544658838969263
580.7339449541283         0.006468118076194142
578.0821917808219         0.006481206728726946
575.4545454545454         0.006583906455604245
572.8506787330316         0.006780680463409404
570.2702702702702         0.007080838633639054
567.7130044843049         0.007499389470230279
565.1785714285713         0.008058501012757662
562.6666666666666         0.008789794004329011
560.1769911504424         0.009737837728188462
557.7092511013215         0.010965444550820916
555.2631578947368         0.012561711725466
552.8384279475981         0.01465430536950852
550.4347826086956         0.017428291470429867
548.051948051948          0.02115487461830257
545.6896551724137         0.026234252365917025
543.3476394849785         0.03325536497715246
541.025641025641          0.04306440118690325
538.7234042553191         0.05679229511262879
536.4406779661016         0.07567166165872403
534.1772151898733         0.10024107497541412
531.9327731092436         0.12850283081593628
529.7071129707113         0.15409697802113564
527.4999999999999         0.16862739201504445
