791.2499999999999         0.013857032381929089
786.3354037267079         0.012557880508386167
781.4814814814814         0.011483260906649029
776.6871165644171         0.010591479955383759
771.951219512195          0.009850468951478546
767.2727272727273         0.009235401902306293
762.6506024096384         0.008726984145287612
758.0838323353291         0.008310212423227397
753.5714285714284         0.007973472028195804
749.1124260355028         0.007707879612320022
744.705882352941          0.0075068092767419225
740.3508771929824         0.007365559626517307
736.0465116279069         0.007281133861105624
731.7919075144507         0.007252115823818003
727.5862068965516         0.00727863380052512
723.4285714285713         0.007362411956621195
719.3181818181816         0.00750691776147639
715.2542372881354         0.007717623836256476
711.2359550561796         0.008002416049693515
707.262569832402          0.008372198873903341
703.3333333333333         0.008841778002066087
699.4475138121546         0.009431145754600618
695.6043956043954         0.010167368598900368
691.8032786885245         0.011087399314725506
688.0434782608695         0.012242348251599217
684.3243243243243         0.013704124363319916
680.6451612903226         0.015576048316831822
677.0053475935828         0.018010361456156344
673.4042553191488         0.021238191571424928
669.8412698412698         0.025623064294797337
666.315789473684          0.03176130035714953
662.8272251308899         0.040681559745847064
659.3749999999999         0.054269037432437404
655.9585492227978         0.0762396089961411
652.5773195876288         0.11456968942930475
649.2307692307692         0.1879422513345002
645.9183673469387         0.340984060577323
642.6395939086294         0.632083987098849
639.3939393939393         0.7898444035116714
636.180904522613          0.5098847035643866
632.9999999999999         0.2759251161657593
629.8507462686566         0.1614772693156241
626.7326732673266         0.10429748430899342
623.6453201970443         0.0729119443298977
620.5882352941176         0.05415024583030242
617.560975609756          0.04214763832956346
614.5631067961165         0.03405214135372835
611.5942028985506         0.02836176846113855
608.6538461538461         0.02423068454171466
605.7416267942583         0.021155375162878406
602.8571428571428         0.018822004915901427
599.9999999999999         0.017027367601893245
597.1698113207547         0.015635690311023815
594.3661971830985         0.014553921193084223
591.5887850467288         0.01371702687659511
588.8372093023255         0.0130789501281789
586.1111111111111         0.012606894375106233
583.4101382488478         0.012277634333274211
580.7339449541283         0.012075103560407597
578.0821917808219         0.011988815945313475
575.4545454545454         0.012012854531692515
572.8506787330316         0.012145266727791669
570.2702702702702         0.012387771286865598
567.7130044843049         0.012745726907303896
565.1785714285713         0.013228345155145954
562.6666666666666         0.013849158251921847
560.1769911504424         0.014626780007571484
557.7092511013215         0.01558603030121076
555.2631578947368         0.016759535103220324
552.8384279475981         0.018189971826444162
550.4347826086956         0.01993321356642203
548.051948051948          0.022062750355680963
545.6896551724137         0.02467595376482307
543.3476394849785         0.02790303825240319
541.025641025641          0.0319200118047864
538.7234042553191         0.03696757574407894
536.4406779661016         0.04337892366191028
534.1772151898733         0.05162077064797701
531.9327731092436         0.062353575997007187
529.7071129707113         0.07651783842076229
527.4999999999999         0.09544983902964867
