791.2499999999999         0.07069891183141808
786.3354037267079         0.06314136054314165
781.4814814814814         0.05762108898183373
776.6871165644171         0.05363751484755572
771.951219512195          0.05086278505395432
767.2727272727273         0.04908384947963309
762.6506024096384         0.04816814078680516
758.0838323353291         0.04804347158861579
753.5714285714284         0.048687069934887396
749.1124260355028         0.05012108162199058
744.705882352941          0.05241332927363448
740.3508771929824         0.055683139825873196
736.0465116279069         0.06011293242020518
731.7919075144507         0.0659672095571743
727.5862068965516         0.07362180381360472
723.4285714285713         0.08360788846611815
719.3181818181816         0.09667751078005377
715.2542372881354         0.11390014371393746
711.2359550561796         0.13680187656286605
707.262569832402          0.16755606250181695
703.3333333333333         0.20921276741446512
699.4475138121546         0.2658755807048191
695.6043956043954         0.3425054180585625
691.8032786885245         0.4434975916392264
688.0434782608695         0.5684006010325523
684.3243243243243         0.7037212166602039
680.6451612903226         0.8163824614095458
677.0053475935828         0.8652727191888315
673.4042553191488         0.833144536525224
669.8412698412698         0.74062410448694
666.315789473684          0.6233870418993487
662.8272251308899         0.5077063757474989
659.3749999999999         0.40572041136089076
655.9585492227978         0.32063663092105094
652.5773195876288         0.25172767502157184
649.2307692307692         0.19694306510099802
645.9183673469387         0.15396421272940322
642.6395939086294         0.1205827031253336
639.3939393939393         0.09483662300676993
636.180904522613          0.0750592538225954
632.9999999999999         0.05988460603670979
629.8507462686566         0.048225728365506884
626.7326732673266         0.039237442580699826
623.6453201970443         0.03227351975727818
620.5882352941176         0.02684534996610551
617.560975609756          0.022585892226065104
614.5631067961165         0.019220190477057475
611.5942028985506         0.016542256156184338
608.6538461538461         0.014397437237556283
605.7416267942583         0.01266920782984564
602.8571428571428         0.011269376002860444
599.9999999999999         0.010130867910101751
597.1698113207547         0.009202423522354492
594.3661971830985         0.008444698312630972
591.5887850467288         0.007827394919251556
588.8372093023255         0.0073271491931632205
586.1111111111111         0.0069259704027312
583.4101382488478         0.006610090976657021
580.7339449541283         0.006369121841932713
578.0821917808219         0.00619543912547739
575.4545454545454         0.006083749817212981
572.8506787330316         0.006030800268649194
570.2702702702702         0.006035203870904904
567.7130044843049         0.006097374239469579
565.1785714285713         0.006219558753197146
562.6666666666666         0.0064059751780984
560.1769911504424         0.006663062047802557
557.7092511013215         0.006999862063209174
555.2631578947368         0.007428567460606214
552.8384279475981         0.007965267219716498
550.4347826086956         0.008630947560814815
548.051948051948          0.009452807204421656
545.6896551724137         0.010465951607105272
543.3476394849785         0.011715512827362013
541.025641025641          0.013259176412394755
538.7234042553191         0.015169929522602698
536.4406779661016         0.01753847567930913
534.1772151898733         0.020474026793191068
531.9327731092436         0.02410086670710638
529.7071129707113         0.028546062304301754
527.4999999999999         0.03391147056632498
