791.2499999999999         0.41183433803176706
786.3354037267079         0.3878169039440703
781.4814814814814         0.3089084920664944
776.6871165644171         0.22624670513165288
771.951219512195          0.16306546135807728
767.2727272727273         0.11947412519131434
762.6506024096384         0.08995421470344052
758.0838323353291         0.06970511839569009
753.5714285714284         0.055491360082323145
749.1124260355028         0.04526284993776703
744.705882352941          0.03772732579699876
740.3508771929824         0.032058087802846295
736.0465116279069         0.02771470673214992
731.7919075144507         0.024335614956664878
727.5862068965516         0.02167342497504998
723.4285714285713         0.01955533762604748
719.3181818181816         0.017858410028818102
715.2542372881354         0.016493775745111332
711.2359550561796         0.015396369443098041
707.262569832402          0.014518110005018866
703.3333333333333         0.01382330480779716
699.4475138121546         0.013285512894534638
695.6043956043954         0.012885389403661837
691.8032786885245         0.012609208030716535
688.0434782608695         0.012447867885065219
684.3243243243243         0.012396262156414428
680.6451612903226         0.01245293415008017
677.0053475935828         0.012619981148053497
673.4042553191488         0.012903194586105768
669.8412698412698         0.013312450925389957
666.315789473684          0.013862395495434669
662.8272251308899         0.014573495979525907
659.3749999999999         0.01547358885932316
655.9585492227978         0.01660010926138785
652.5773195876288         0.018003294669900187
649.2307692307692         0.019750804965735655
645.9183673469387         0.02193443428829844
642.6395939086294         0.02467994670134802
639.3939393939393         0.02816160252761837
636.180904522613          0.032623702536565644
632.9999999999999         0.03841241045635652
629.8507462686566         0.046021744035382665
626.7326732673266         0.056156008839672894
623.6453201970443         0.06980058585253723
620.5882352941176         0.08825469671383405
617.560975609756          0.11296645518598822
614.5631067961165         0.14475392168748724
611.5942028985506         0.18173545674683797
608.6538461538461         0.21626408073263298
605.7416267942583         0.23540792262899732
602.8571428571428         0.23059473335386543
599.9999999999999         0.20659867967013296
597.1698113207547         0.17547018522555413
594.3661971830985         0.14611241964124277
591.5887850467288         0.12194410829585414
588.8372093023255         0.10320890745448157
586.1111111111111         0.08905511572724886
583.4101382488478         0.0784914398398524
580.7339449541283         0.07068974386836406
578.0821917808219         0.06503293046186637
575.4545454545454         0.061087823169810415
572.8506787330316         0.05856700655849436
570.2702702702702         0.05729832662607018
567.7130044843049         0.05720585033691843
565.1785714285713         0.05830225819930787
562.6666666666666         0.06069251771289213
560.1769911504424         0.06458962053367048
557.7092511013215         0.07034385600140196
555.2631578947368         0.07848534458528132
552.8384279475981         0.08976853498562243
550.4347826086956         0.10516583421183659
548.051948051948          0.12562841211782552
545.6896551724137         0.15111978886840102
543.3476394849785         0.17811304980329065
541.025641025641          0.1963769318996741
538.7234042553191         0.1924696309785529
536.4406779661016         0.16474035044266147
534.1772151898733         0.12724526105902262
531.9327731092436         0.09347033776268249
529.7071129707113         0.06794960567602133
527.4999999999999         0.04993006078255676
