791.2499999999999         0.29290331366226224
786.3354037267079         0.368307582770821
781.4814814814814         0.47186233760391244
776.6871165644171         0.6078718479560142
771.951219512195          0.7677250751855752
767.2727272727273         0.9153959314241238
762.6506024096384         0.9937922488197894
758.0838323353291         0.973772133001469
753.5714285714284         0.8849513697290262
749.1124260355028         0.7779491715153394
744.705882352941          0.684905068690377
740.3508771929824         0.6170834346926063
736.0465116279069         0.575835782352155
731.7919075144507         0.560295979451163
727.5862068965516         0.5708041645257669
723.4285714285713         0.6101247800674239
719.3181818181816         0.6828068561114506
715.2542372881354         0.788921751747683
711.2359550561796         0.9008374189275663
707.262569832402          0.9268904821799908
703.3333333333333         0.7774535588896841
699.4475138121546         0.5347933476339263
695.6043956043954         0.33427286942461154
691.8032786885245         0.20683192988462296
688.0434782608695         0.13155383537909612
684.3243243243243         0.08690569526679327
680.6451612903226         0.059616182795869124
677.0053475935828         0.042322782566137265
673.4042553191488         0.030971626422087197
669.8412698412698         0.023278275472668645
666.315789473684          0.01791324130143285
662.8272251308899         0.01407647756040234
659.3749999999999         0.011270977872839944
655.9585492227978         0.009178826544321592
652.5773195876288         0.007591199032016518
649.2307692307692         0.006367605229117366
645.9183673469387         0.005411466278272685
642.6395939086294         0.004655083877917091
639.3939393939393         0.004050160807958944
636.180904522613          0.003561687030215205
632.9999999999999         0.0031639148286428578
629.8507462686566         0.0028376590501814764
626.7326732673266         0.0025684548354379627
623.6453201970443         0.0023452805771836615
620.5882352941176         0.002159659883845369
617.560975609756          0.002005021759901815
614.5631067961165         0.0018762393608833818
611.5942028985506         0.0017692940124320036
608.6538461538461         0.0016810283150137933
605.7416267942583         0.0016089634787975215
602.8571428571428         0.0015511636312303145
599.9999999999999         0.0015061350163318946
597.1698113207547         0.001472751588331901
594.3661971830985         0.001450201028777562
591.5887850467288         0.0014379470384727078
588.8372093023255         0.0014357051112199712
586.1111111111111         0.0014434300504412225
583.4101382488478         0.0014613143626411539
580.7339449541283         0.0014897974477374389
578.0821917808219         0.0015295862880051927
575.4545454545454         0.0015816891972285816
572.8506787330316         0.0016474652240647187
570.2702702702702         0.0017286931293753474
567.7130044843049         0.0018276656433557307
565.1785714285713         0.0019473171971339817
562.6666666666666         0.0020913968794183642
560.1769911504424         0.0022647035521676626
557.7092511013215         0.002473407750366062
555.2631578947368         0.002725496598393731
552.8384279475981         0.0030313957965075714
550.4347826086956         0.0034048505869170363
548.051948051948          0.0038641919911630773
545.6896551724137         0.00443418679791668
543.3476394849785         0.005148789857144366
541.025641025641          0.006055321933715297
538.7234042553191         0.007220954851788747
536.4406779661016         0.00874303236192818
534.1772151898733         0.01076596070390643
531.9327731092436         0.013509733127404125
529.7071129707113         0.017319841180291055
527.4999999999999         0.022758183285922343
