791.2499999999999         0.129176210693105
786.3354037267079         0.12186404105585259
781.4814814814814         0.11491632107875817
776.6871165644171         0.10844238157921351
771.951219512195          0.10254006847390651
767.2727272727273         0.09729180599183826
762.6506024096384         0.09276477746717597
758.0838323353291         0.08901465635635288
753.5714285714284         0.086092080190305
749.1124260355028         0.0840512407319547
744.705882352941          0.08296044163992827
740.3508771929824         0.08291515808136045
736.0465116279069         0.08405502650142158
731.7919075144507         0.08658743667262694
727.5862068965516         0.09082229949560844
723.4285714285713         0.09722563960940572
719.3181818181816         0.10650460127777656
715.2542372881354         0.11974350448322857
711.2359550561796         0.13861606323632675
707.262569832402          0.16567909581245518
703.3333333333333         0.2045976280766572
699.4475138121546         0.2594329388299771
695.6043956043954         0.32975832322501103
691.8032786885245         0.3958528025841349
688.0434782608695         0.4089029744116413
684.3243243243243         0.3445832493157434
680.6451612903226         0.24975023163838297
677.0053475935828         0.17088551536509014
673.4042553191488         0.11718809199868277
669.8412698412698         0.0825211825527895
666.315789473684          0.06004666864395975
662.8272251308899         0.04512439731615555
659.3749999999999         0.034927559955915774
655.9585492227978         0.027761376792010777
652.5773195876288         0.022595158020191686
649.2307692307692         0.018786633149499632
645.9183673469387         0.015924722770447104
642.6395939086294         0.013739374255474595
639.3939393939393         0.012048856457816549
636.180904522613          0.010728209016692756
632.9999999999999         0.009689885112228735
629.8507462686566         0.008871591901212285
626.7326732673266         0.008228485907125547
623.6453201970443         0.007728069273505017
620.5882352941176         0.007346803184040982
617.560975609756          0.007067841861898907
614.5631067961165         0.00687951979696923
611.5942028985506         0.006774364489217231
608.6538461538461         0.006748495120936459
605.7416267942583         0.0068013260804791415
602.8571428571428         0.006935536315034733
599.9999999999999         0.0071572995861060055
597.1698113207547         0.007476803006835842
594.3661971830985         0.007909117016357155
591.5887850467288         0.008475524413182601
588.8372093023255         0.009205474688110647
586.1111111111111         0.010139407394180072
583.4101382488478         0.011332784250398737
580.7339449541283         0.012861764644562797
578.0821917808219         0.014830975423215827
575.4545454545454         0.017383522957586318
572.8506787330316         0.020712110706912673
570.2702702702702         0.02506619575764135
567.7130044843049         0.030739912417131966
565.1785714285713         0.038003337232417306
562.6666666666666         0.04690645679939045
560.1769911504424         0.05688878895649656
557.7092511013215         0.06633356290133038
555.2631578947368         0.07271974575539039
552.8384279475981         0.0740304125679858
550.4347826086956         0.07035939823489586
548.051948051948          0.0636669958821912
545.6896551724137         0.05614266795673512
543.3476394849785         0.04916700189775127
541.025641025641          0.04329674263376832
538.7234042553191         0.03861221336659125
536.4406779661016         0.03499897319229566
534.1772151898733         0.03229529844730527
531.9327731092436         0.03035261106980278
529.7071129707113         0.029054391227623544
527.4999999999999         0.02831874866227758
