791.2499999999999         0.32665501407502956
786.3354037267079         0.3799346282611834
781.4814814814814         0.40385154422647357
776.6871165644171         0.394246088446189
771.951219512195          0.36296516667381556
767.2727272727273         0.32509055572036827
762.6506024096384         0.29002502084126813
758.0838323353291         0.2613881989611007
753.5714285714284         0.23969580914013897
749.1124260355028         0.2243234381734664
744.705882352941          0.2144360103171988
740.3508771929824         0.20933206086261585
736.0465116279069         0.20853961529474052
731.7919075144507         0.2118262052587029
727.5862068965516         0.21918914557843527
723.4285714285713         0.23085030090984018
719.3181818181816         0.24726309639516286
715.2542372881354         0.26913256104393307
711.2359550561796         0.29744332203095497
707.262569832402          0.33347856557304845
703.3333333333333         0.37878367949994596
699.4475138121546         0.4349597568685678
695.6043956043954         0.5030299368767146
691.8032786885245         0.5818962737587049
688.0434782608695         0.6653201168755721
684.3243243243243         0.7379330924772288
680.6451612903226         0.7747658061671635
677.0053475935828         0.7526261284701138
673.4042553191488         0.6704686347976849
669.8412698412698         0.553928594701865
666.315789473684          0.4348640799950105
662.8272251308899         0.33262273898809896
659.3749999999999         0.25258344075417294
655.9585492227978         0.19266897784722417
652.5773195876288         0.14859696559712005
649.2307692307692         0.11626070466215446
645.9183673469387         0.09241000419358171
642.6395939086294         0.07465865610274534
639.3939393939393         0.061307276327083236
636.180904522613          0.05115740363636433
632.9999999999999         0.04336346507071088
629.8507462686566         0.03732556494192943
626.7326732673266         0.0326147851472437
623.6453201970443         0.028921902604075466
620.5882352941176         0.02602230099095286
617.560975609756          0.02375191032066642
614.5631067961165         0.021990634705708004
611.5942028985506         0.020650884471661666
608.6538461538461         0.019669611532529864
605.7416267942583         0.01900276109247275
602.8571428571428         0.018621375458886615
599.9999999999999         0.018508762132835196
597.1698113207547         0.01865818151372649
594.3661971830985         0.01907039868592624
591.5887850467288         0.019750122288476623
588.8372093023255         0.02069974723471971
586.1111111111111         0.021907940109667585
583.4101382488478         0.023329919005310062
580.7339449541283         0.02485757999016401
578.0821917808219         0.026285194516011304
575.4545454545454         0.027295205801667288
572.8506787330316         0.027510954527078097
570.2702702702702         0.026646745051729873
567.7130044843049         0.02468698623613064
565.1785714285713         0.021932698261907115
562.6666666666666         0.01884858803322454
560.1769911504424         0.01584843185069518
557.7092511013215         0.013181496597332145
555.2631578947368         0.010939541094072601
552.8384279475981         0.009115054282792582
550.4347826086956         0.007655402854589553
548.051948051948          0.006496131396625025
545.6896551724137         0.005576768561829279
543.3476394849785         0.004846393044817151
541.025641025641          0.004264329039537356
538.7234042553191         0.003798951869525759
536.4406779661016         0.003426008490010547
534.1772151898733         0.003127023587368881
531.9327731092436         0.0028879737683510853
529.7071129707113         0.0026982509532378464
527.4999999999999         0.002549879271580429
