791.2499999999999         0.07673193950009237
786.3354037267079         0.07280222523996781
781.4814814814814         0.06996309921134518
776.6871165644171         0.0682072523193776
771.951219512195          0.06752290182906469
767.2727272727273         0.06792220886890402
762.6506024096384         0.06945955364418548
758.0838323353291         0.07224736699076387
753.5714285714284         0.07647508398599684
749.1124260355028         0.08243633452378471
744.705882352941          0.09057066792281991
740.3508771929824         0.10152918636362225
736.0465116279069         0.11627920567359012
731.7919075144507         0.13627276707609162
727.5862068965516         0.16371860910000774
723.4285714285713         0.20201387812387359
719.3181818181816         0.2563844361526977
715.2542372881354         0.33463022712681006
711.2359550561796         0.44712069284167166
707.262569832402          0.6025810853923685
703.3333333333333         0.7911271553695
699.4475138121546         0.9534474938510568
695.6043956043954         0.9946122499787057
691.8032786885245         0.893883361068286
688.0434782608695         0.7309231386985532
684.3243243243243         0.5784301343850661
680.6451612903226         0.46019455070294607
677.0053475935828         0.37433855240114744
673.4042553191488         0.31303162240468807
669.8412698412698         0.26922694953061377
666.315789473684          0.23782087159958662
662.8272251308899         0.21535066550668172
659.3749999999999         0.1995132570727594
655.9585492227978         0.18878766091598267
652.5773195876288         0.18217999986292752
649.2307692307692         0.1790597511533631
645.9183673469387         0.1790566627990495
642.6395939086294         0.18199659616379738
639.3939393939393         0.18786182166001358
636.180904522613          0.1967657235249812
632.9999999999999         0.20893371996000457
629.8507462686566         0.22468167245418028
626.7326732673266         0.24437999379581254
623.6453201970443         0.26838582385362847
620.5882352941176         0.296917672426088
617.560975609756          0.32984092985665286
614.5631067961165         0.366341194635403
611.5942028985506         0.40451183079365616
608.6538461538461         0.4410045429163768
605.7416267942583         0.4710712973149384
602.8571428571428         0.489395353570236
599.9999999999999         0.4917605689160655
597.1698113207547         0.4768186863869606
594.3661971830985         0.44674416622423196
591.5887850467288         0.40625440034393256
588.8372093023255         0.36075239684198096
586.1111111111111         0.3147899453165542
583.4101382488478         0.27142124662988887
580.7339449541283         0.23227843501898518
578.0821917808219         0.19795785988423384
575.4545454545454         0.16842333637603354
572.8506787330316         0.14330932487069142
570.2702702702702         0.12211325779476387
567.7130044843049         0.10430406841670779
565.1785714285713         0.08937720331178321
562.6666666666666         0.07687871732864807
560.1769911504424         0.06641275676588079
557.7092511013215         0.05764070146298787
555.2631578947368         0.05027648288450916
552.8384279475981         0.04408044937196538
550.4347826086956         0.03885298156585259
548.051948051948          0.0344284417085806
545.6896551724137         0.030669715749841425
543.3476394849785         0.027463437294655536
541.025641025641          0.024715894215578314
538.7234042553191         0.02234957442587832
536.4406779661016         0.020300287186487933
534.1772151898733         0.018514789714068502
531.9327731092436         0.016948849629181605
529.7071129707113         0.015565678191447196
527.4999999999999         0.01433467496642626
