791.2499999999999         0.008442445568830425
786.3354037267079         0.008128198864638904
781.4814814814814         0.007873033684140981
776.6871165644171         0.007676199267559943
771.951219512195          0.007537265388202845
767.2727272727273         0.007456397182983147
762.6506024096384         0.00743460648511897
758.0838323353291         0.007474000241470255
753.5714285714284         0.007578049249995845
749.1124260355028         0.0077519033204677045
744.705882352941          0.008002783258819682
740.3508771929824         0.008340486877148515
736.0465116279069         0.00877805666457047
731.7919075144507         0.009332672171532452
727.5862068965516         0.010026852269172423
723.4285714285713         0.010890083329403406
719.3181818181816         0.01196103123697421
715.2542372881354         0.01329054938329193
711.2359550561796         0.0149457594106315
707.262569832402          0.01701554481935396
703.3333333333333         0.01961782395297181
699.4475138121546         0.022908867744762345
695.6043956043954         0.027094491507780157
691.8032786885245         0.03244174489651497
688.0434782608695         0.03928694189713916
684.3243243243243         0.04803030202708251
680.6451612903226         0.0590982211125688
677.0053475935828         0.07284379553878145
673.4042553191488         0.08935824553740306
669.8412698412698         0.10821228549745858
666.315789473684          0.12826516483346787
662.8272251308899         0.1477997064848975
659.3749999999999         0.16513298648502897
655.9585492227978         0.17941820546904827
652.5773195876288         0.19106235697201404
649.2307692307692         0.20152999235821664
645.9183673469387         0.21286840108716698
642.6395939086294         0.227394113191523
639.3939393939393         0.2477134703120599
636.180904522613          0.2770362666860675
632.9999999999999         0.31967085946784113
629.8507462686566         0.3814137103957684
626.7326732673266         0.46863907407651384
623.6453201970443         0.5818669048428293
620.5882352941176         0.6955885006894875
617.560975609756          0.7377830851203678
614.5631067961165         0.6513996731378434
611.5942028985506         0.49149557535470756
608.6538461538461         0.3445679156195088
605.7416267942583         0.23959806452937904
602.8571428571428         0.17037319845253637
599.9999999999999         0.12511092196382803
597.1698113207547         0.09497445701772887
594.3661971830985         0.07437590674434322
591.5887850467288         0.059912960559169455
588.8372093023255         0.04950398283256763
586.1111111111111         0.04184977619256715
583.4101382488478         0.03611935822216366
580.7339449541283         0.03176786681371635
578.0821917808219         0.02842965446042402
575.4545454545454         0.02585421994618733
572.8506787330316         0.02386692649224886
570.2702702702702         0.02234436824015769
567.7130044843049         0.02119859649762652
565.1785714285713         0.02036683305904323
562.6666666666666         0.019804663634936
560.1769911504424         0.01948149255449719
557.7092511013215         0.01937750466951771
555.2631578947368         0.019481660498864285
552.8384279475981         0.01979042314364032
550.4347826086956         0.02030702395786105
548.051948051948          0.021041143477954903
545.6896551724137         0.022008929375805317
543.3476394849785         0.023233302892363583
541.025641025641          0.024744524536228746
538.7234042553191         0.0265810020103023
536.4406779661016         0.02879033059429225
534.1772151898733         0.03143056063986309
531.9327731092436         0.03457169119235383
529.7071129707113         0.03829739744104398
527.4999999999999         0.04270701977107968
