791.2499999999999         0.1483582939998858
786.3354037267079         0.15516293383008709
781.4814814814814         0.1666687282360094
776.6871165644171         0.18434250338065244
771.951219512195          0.21064773457952723
767.2727272727273         0.24970865353681546
762.6506024096384         0.30844062395631716
758.0838323353291         0.3980871569885993
753.5714285714284         0.534017087993486
749.1124260355028         0.7213586344392664
744.705882352941          0.8947420449079726
740.3508771929824         0.8839063889072154
736.0465116279069         0.6712710295809355
731.7919075144507         0.44437461378295107
727.5862068965516         0.28870837759231016
723.4285714285713         0.1933989706849821
719.3181818181816         0.13512820669092934
715.2542372881354         0.09834463069296258
711.2359550561796         0.07421364759610205
707.262569832402          0.05779414244659343
703.3333333333333         0.04625543742727599
699.4475138121546         0.03791885132989013
695.6043956043954         0.03175285144384527
691.8032786885245         0.02710214220203174
688.0434782608695         0.023537797556169946
684.3243243243243         0.020771574355963936
680.6451612903226         0.018605328394048305
677.0053475935828         0.016900257081570162
673.4042553191488         0.015557697500787409
669.8412698412698         0.01450686547307284
666.315789473684          0.013696889189246888
662.8272251308899         0.013091583235664487
659.3749999999999         0.012666035054770416
655.9585492227978         0.012404448643799687
652.5773195876288         0.01229892419295493
649.2307692307692         0.012349012608536877
645.9183673469387         0.012562011617201245
642.6395939086294         0.012954097284404857
639.3939393939393         0.013552545140680418
636.180904522613          0.014399537513917964
632.9999999999999         0.015558463571477874
629.8507462686566         0.017124361384602705
626.7326732673266         0.01924156638497648
623.6453201970443         0.022134444171672277
620.5882352941176         0.026162904238749837
617.560975609756          0.03192682922967842
614.5631067961165         0.04047051552219887
611.5942028985506         0.05369377393508127
608.6538461538461         0.07515599710140766
605.7416267942583         0.11125666579397085
602.8571428571428         0.16964902556409772
599.9999999999999         0.23643671877826206
597.1698113207547         0.23956229436672366
594.3661971830985         0.1700372767875912
591.5887850467288         0.10562049951451989
588.8372093023255         0.06660221458808224
586.1111111111111         0.044327436499811426
583.4101382488478         0.031155529982064552
580.7339449541283         0.02294794147015051
578.0821917808219         0.017573704918889904
575.4545454545454         0.013901266708540186
572.8506787330316         0.011300360297771098
570.2702702702702         0.009402685600498699
567.7130044843049         0.007983429024896243
565.1785714285713         0.006899988274163229
562.6666666666666         0.006058831516221402
560.1769911504424         0.005396806057442039
557.7092511013215         0.004870188464375285
555.2631578947368         0.004448048198353818
552.8384279475981         0.00410810223454131
550.4347826086956         0.0038340555985202154
548.051948051948          0.0036138548029487814
545.6896551724137         0.0034385175265712244
543.3476394849785         0.003301335352111667
541.025641025641          0.003197323996782802
538.7234042553191         0.0031228418624025256
536.4406779661016         0.0030753262091263553
534.1772151898733         0.003053114219878677
531.9327731092436         0.003055327908035307
529.7071129707113         0.0030818097269562513
527.4999999999999         0.003133101393133268
