791.2499999999999         0.05216807174495346
786.3354037267079         0.04873421974731611
781.4814814814814         0.04627960454599088
776.6871165644171         0.04464953120970703
771.951219512195          0.04374820729877762
767.2727272727273         0.0435267192504836
762.6506024096384         0.043977337788436384
758.0838323353291         0.04513300908707993
753.5714285714284         0.04707198402781154
749.1124260355028         0.04992862814847359
744.705882352941          0.05391288112272891
740.3508771929824         0.059343077182599076
736.0465116279069         0.06670071848237936
731.7919075144507         0.0767228099386904
727.5862068965516         0.09056017184777425
723.4285714285713         0.11005263293603174
719.3181818181816         0.13820498130416572
715.2542372881354         0.17995790337754683
711.2359550561796         0.24310208986357068
707.262569832402          0.33751828659623634
703.3333333333333         0.4642142189623307
699.4475138121546         0.5788290368834543
695.6043956043954         0.5839548710092308
691.8032786885245         0.470284701407342
688.0434782608695         0.33615197669722996
684.3243243243243         0.23523988253909472
680.6451612903226         0.16847257105392657
677.0053475935828         0.12502730737340256
673.4042553191488         0.0961788295239986
669.8412698412698         0.07644085873143804
666.315789473684          0.06252471002753895
662.8272251308899         0.05244538518466842
659.3749999999999         0.044975610014043516
655.9585492227978         0.03933468320455306
652.5773195876288         0.03501184038909175
649.2307692307692         0.03166419573684123
645.9183673469387         0.029056291547975465
642.6395939086294         0.027023336691309727
639.3939393939393         0.025448275988669732
636.180904522613          0.024247152053381238
632.9999999999999         0.023359572751218548
629.8507462686566         0.022742406492444564
626.7326732673266         0.022365574393140446
623.6453201970443         0.02220924556129714
620.5882352941176         0.0222620048334187
617.560975609756          0.02251972559614553
614.5631067961165         0.0229849858546831
611.5942028985506         0.02366693798220799
608.6538461538461         0.024581596691202204
605.7416267942583         0.025752555843503753
602.8571428571428         0.02721219065943244
599.9999999999999         0.029003455280665627
597.1698113207547         0.031182455509145543
594.3661971830985         0.03382207545830936
591.5887850467288         0.037017084057460035
588.8372093023255         0.040891373871395666
586.1111111111111         0.0456083421702203
583.4101382488478         0.051386000493530204
580.7339449541283         0.05851934633071164
578.0821917808219         0.067414116151239
575.4545454545454         0.07863873451159581
572.8506787330316         0.09300590485838109
570.2702702702702         0.11170323932683084
567.7130044843049         0.13650562221776744
565.1785714285713         0.1701221831250564
562.6666666666666         0.21675146005335144
560.1769911504424         0.2828897353031543
557.7092511013215         0.3781172406693627
555.2631578947368         0.5140257104628483
552.8384279475981         0.6941906488239875
550.4347826086956         0.8815207199129066
548.051948051948          0.9682532469210794
545.6896551724137         0.875071645773755
543.3476394849785         0.679049996874737
541.025641025641          0.4922026272120853
538.7234042553191         0.35340575591102696
536.4406779661016         0.25799515439226817
534.1772151898733         0.19305797031370328
531.9327731092436         0.14819042385964307
529.7071129707113         0.11647276257356685
527.4999999999999         0.09350824874406487
