791.2499999999999         0.020246257657419848
786.3354037267079         0.019654313502186202
781.4814814814814         0.019228779056340645
776.6871165644171         0.018966714236152905
771.951219512195          0.018868426204057244
767.2727272727273         0.0189381344423731
762.6506024096384         0.019184753227736457
758.0838323353291         0.019622909624605365
753.5714285714284         0.020274339930685583
749.1124260355028         0.021169856658579272
744.705882352941          0.022352163236795855
740.3508771929824         0.023879935291221056
736.0465116279069         0.025833822376701315
731.7919075144507         0.028325418564390446
727.5862068965516         0.031510925840828895
723.4285714285713         0.035612419036839545
719.3181818181816         0.040951754679833356
715.2542372881354         0.04800611804818277
711.2359550561796         0.05750173161442332
707.262569832402          0.07057696639537196
703.3333333333333         0.08907537787907882
699.4475138121546         0.1160870962872964
695.6043956043954         0.15696311507486674
691.8032786885245         0.22115838572044574
688.0434782608695         0.3249882282935074
684.3243243243243         0.491897369402971
680.6451612903226         0.7295660416308252
677.0053475935828         0.9453544808868048
673.4042553191488         0.9527735627844481
669.8412698412698         0.7746817032339469
666.315789473684          0.5818441802578317
662.8272251308899         0.4414803762519317
659.3749999999999         0.34957658459837904
655.9585492227978         0.29090311948220116
652.5773195876288         0.2541871882141735
649.2307692307692         0.23267766302978185
645.9183673469387         0.22274946063128775
642.6395939086294         0.2229094182762775
639.3939393939393         0.2333619075809803
636.180904522613          0.25602070254480336
632.9999999999999         0.29480134772602434
629.8507462686566         0.3554721881810295
626.7326732673266         0.44155842730222816
623.6453201970443         0.5352496390634498
620.5882352941176         0.5649293524606691
617.560975609756          0.46749281475593274
614.5631067961165         0.3161016104705592
611.5942028985506         0.19810739923353443
608.6538461538461         0.12488817046541088
605.7416267942583         0.08154579500107931
602.8571428571428         0.05544216699450227
599.9999999999999         0.039148633770988414
597.1698113207547         0.028582719931252987
594.3661971830985         0.021483393707472317
591.5887850467288         0.016560288365295876
588.8372093023255         0.013050523711130258
586.1111111111111         0.010487120815034395
583.4101382488478         0.008574864148868782
580.7339449541283         0.007121592361490151
578.0821917808219         0.0059988995375699445
575.4545454545454         0.00511894173170792
572.8506787330316         0.004420343899985264
570.2702702702702         0.003859404633097004
567.7130044843049         0.003404471731350135
565.1785714285713         0.0030322647333801624
562.6666666666666         0.0027254213077364618
560.1769911504424         0.0024708297260229795
557.7092511013215         0.002258476328795903
555.2631578947368         0.0020806365937768674
552.8384279475981         0.001931299354835857
550.4347826086956         0.00180575172614942
548.051948051948          0.0017002764371394023
545.6896551724137         0.0016119289010602948
543.3476394849785         0.0015383716055522452
541.025641025641          0.0014777502665140703
538.7234042553191         0.0014286008304580102
536.4406779661016         0.0013897796042695778
534.1772151898733         0.0013604110219048809
531.9327731092436         0.0013398491424462767
529.7071129707113         0.001327650123734258
527.4999999999999         0.0013235537730904429
