791.2499999999999         0.23542956894982417
786.3354037267079         0.254558277823906
781.4814814814814         0.2746276213965259
776.6871165644171         0.2951371901571167
771.951219512195          0.3153859488288399
767.2727272727273         0.33448908164686114
762.6506024096384         0.35144353392450944
758.0838323353291         0.36524637233588714
753.5714285714284         0.3750495793441731
749.1124260355028         0.3803125876070325
744.705882352941          0.38090394671553823
740.3508771929824         0.3771167113266458
736.0465116279069         0.3695944691277001
731.7919075144507         0.3591980802854864
727.5862068965516         0.3468587222992744
723.4285714285713         0.33345608949164174
719.3181818181816         0.3197410816234721
715.2542372881354         0.3063031486458401
711.2359550561796         0.29357120795902175
707.262569832402          0.2818341894331009
703.3333333333333         0.271269557744768
699.4475138121546         0.26197218015492985
695.6043956043954         0.25397956586903864
691.8032786885245         0.24729204810259178
688.0434782608695         0.24188793325771726
684.3243243243243         0.23773430589264166
680.6451612903226         0.2347943690057838
677.0053475935828         0.2330321499045474
673.4042553191488         0.23241525642508787
669.8412698412698         0.23291620358508563
666.315789473684          0.23451268249797694
662.8272251308899         0.23718702471627492
659.3749999999999         0.24092502883744113
655.9585492227978         0.245714261158729
652.5773195876288         0.2515419168614917
649.2307692307692         0.25839233162099706
645.9183673469387         0.2662442648544193
642.6395939086294         0.2750681329561282
639.3939393939393         0.2848234482804288
636.180904522613          0.2954568056987212
632.9999999999999         0.30690083357833736
629.8507462686566         0.31907456219685776
626.7326732673266         0.33188562779322084
623.6453201970443         0.3452345969902109
620.5882352941176         0.3590214539153602
617.560975609756          0.3731539612808354
614.5631067961165         0.38755724409817544
611.5942028985506         0.40218363677349545
608.6538461538461         0.41702167176245425
605.7416267942583         0.4321031313704413
602.8571428571428         0.44750733444106017
599.9999999999999         0.46336221888866724
597.1698113207547         0.4798421925256699
594.3661971830985         0.4971630320905294
591.5887850467288         0.515574218920942
588.8372093023255         0.5353489705746824
586.1111111111111         0.5567718802778414
583.4101382488478         0.5801235749149304
580.7339449541283         0.605661244532884
578.0821917808219         0.6335934146829217
575.4545454545454         0.6640471210348773
572.8506787330316         0.6970260006473384
570.2702702702702         0.7323591699223594
567.7130044843049         0.7696436508158458
565.1785714285713         0.8081879632283508
562.6666666666666         0.8469711442543073
560.1769911504424         0.8846382935477453
557.7092511013215         0.9195570418838729
555.2631578947368         0.9499535754664277
552.8384279475981         0.9741275106596734
550.4347826086956         0.9907137468649068
548.051948051948          0.9989285713700473
545.6896551724137         0.9987259788363948
543.3476394849785         0.990811706112436
541.025641025641          0.9765106664665955
538.7234042553191         0.9575332983658712
536.4406779661016         0.9357117516946541
534.1772151898733         0.9127692866145692
531.9327731092436         0.8901572326890002
529.7071129707113         0.8689622497052549
527.4999999999999         0.8498655120138219
