791.2499999999999         0.17606491934194948
786.3354037267079         0.10963078595637789
781.4814814814814         0.06776611726276194
776.6871165644171         0.043676019570594755
771.951219512195          0.02957601314419671
767.2727272727273         0.020955222982868397
762.6506024096384         0.015438042164230288
758.0838323353291         0.011758613725047317
753.5714285714284         0.009215952276586717
749.1124260355028         0.007404793715728205
744.705882352941          0.00608105052609393
740.3508771929824         0.005092177934498034
736.0465116279069         0.004339671268214347
731.7919075144507         0.0037580653652254806
727.5862068965516         0.003302741450648934
723.4285714285713         0.0029426111612350743
719.3181818181816         0.0026555951623212083
715.2542372881354         0.0024257539337202315
711.2359550561796         0.0022414236071358062
707.262569832402          0.0020939793967901243
703.3333333333333         0.0019770005218580668
699.4475138121546         0.0018856979082087504
695.6043956043954         0.0018165177567071667
691.8032786885245         0.0017668655424024553
688.0434782608695         0.0017349146073553227
684.3243243243243         0.001719476025441518
680.6451612903226         0.0017199146463649831
677.0053475935828         0.0017361018450400458
673.4042553191488         0.0017683995523909387
669.8412698412698         0.001817673303559701
666.315789473684          0.0018853347895777834
662.8272251308899         0.0019734171232459415
659.3749999999999         0.0020846890938781867
655.9585492227978         0.002222818500313713
652.5773195876288         0.0023925997513103026
649.2307692307692         0.0026002680650014107
645.9183673469387         0.0028539329191936227
642.6395939086294         0.0031641786577094933
639.3939393939393         0.0035449031265292947
636.180904522613          0.004014500391599592
632.9999999999999         0.00459754837407167
629.8507462686566         0.0053272490257028245
626.7326732673266         0.006249008635190545
623.6453201970443         0.007425775905653571
620.5882352941176         0.008946141202205809
617.560975609756          0.010936861041198521
614.5631067961165         0.013582628592907998
611.5942028985506         0.017157982044659768
608.6538461538461         0.022080032634149135
605.7416267942583         0.028997762551760314
602.8571428571428         0.03894697875801815
599.9999999999999         0.053625002464774016
597.1698113207547         0.07588354586164706
594.3661971830985         0.11060177346783812
591.5887850467288         0.16610791036982575
588.8372093023255         0.2557816639221328
586.1111111111111         0.39635721149601316
583.4101382488478         0.5899781970087442
580.7339449541283         0.7792772309523595
578.0821917808219         0.8555597417459296
575.4545454545454         0.796551514930077
572.8506787330316         0.6813964774803212
570.2702702702702         0.5719523594198436
567.7130044843049         0.48622163044010314
565.1785714285713         0.42301960334732547
562.6666666666666         0.3771241615074332
560.1769911504424         0.3438375337589328
557.7092511013215         0.31973470870341736
555.2631578947368         0.30248024116285477
552.8384279475981         0.2905301988404787
550.4347826086956         0.28289378712657837
548.051948051948          0.27896725781040976
545.6896551724137         0.27842169493724683
543.3476394849785         0.2811255634383503
541.025641025641          0.2870864104117822
538.7234042553191         0.2963977807754947
536.4406779661016         0.3091762429466383
534.1772151898733         0.3254699307956532
531.9327731092436         0.34511661172798397
529.7071129707113         0.367533044703004
527.4999999999999         0.3914439087759189
