791.2499999999999         0.09664600138262788
786.3354037267079         0.09671943087326634
781.4814814814814         0.09722445572572909
776.6871165644171         0.09785507361159257
771.951219512195          0.09824194895255821
767.2727272727273         0.09796721030153767
762.6506024096384         0.09661586544183078
758.0838323353291         0.09386354324172587
753.5714285714284         0.08957512132681206
749.1124260355028         0.0838661002629875
744.705882352941          0.0770849111376366
740.3508771929824         0.06971693273936277
736.0465116279069         0.062257517362756455
731.7919075144507         0.05511136417942167
727.5862068965516         0.04854720417356012
723.4285714285713         0.042701746675752314
719.3181818181816         0.037610119933135934
715.2542372881354         0.033242028770865586
711.2359550561796         0.029532159489939206
707.262569832402          0.026401398002241738
703.3333333333333         0.02376972318555313
699.4475138121546         0.02156303338639759
695.6043956043954         0.019716096853829822
691.8032786885245         0.018173269077365432
688.0434782608695         0.016888055434238543
684.3243243243243         0.01582216617747158
680.6451612903226         0.014944423636958658
677.0053475935828         0.014229705893634165
673.4042553191488         0.01365801049106263
669.8412698412698         0.013213667479316621
666.315789473684          0.012884704060418202
662.8272251308899         0.012662351396238367
659.3749999999999         0.012540680720238399
655.9585492227978         0.01251635680446225
652.5773195876288         0.012588499955389017
649.2307692307692         0.012758652007924495
645.9183673469387         0.013030846847693171
642.6395939086294         0.013411791790463454
639.3939393939393         0.013911172910292167
636.180904522613          0.014542105564816232
632.9999999999999         0.015321761550673697
629.8507462686566         0.01627221740992995
626.7326732673266         0.017421585585791346
623.6453201970443         0.018805512986407716
620.5882352941176         0.020469162180238136
617.560975609756          0.022469831683579827
614.5631067961165         0.02488042709959316
611.5942028985506         0.027794068335458253
608.6538461538461         0.03133021392589772
605.7416267942583         0.03564280422662655
602.8571428571428         0.04093106799495054
599.9999999999999         0.04745378441375197
597.1698113207547         0.05554789488142455
594.3661971830985         0.0656522960021106
591.5887850467288         0.07833715769832846
588.8372093023255         0.09433767848257728
586.1111111111111         0.11458785557988253
583.4101382488478         0.1402430446040108
580.7339449541283         0.17266778503688637
578.0821917808219         0.2133464643875675
575.4545454545454         0.2636532017875902
572.8506787330316         0.3244131360494855
570.2702702702702         0.3952443595398514
567.7130044843049         0.4738415637046627
565.1785714285713         0.5556231966903835
562.6666666666666         0.6342756041141552
560.1769911504424         0.7033331999129191
557.7092511013215         0.758106426108566
555.2631578947368         0.7968244802730896
552.8384279475981         0.8204249282903571
550.4347826086956         0.8314139135369027
548.051948051948          0.8326302474593811
545.6896551724137         0.8264463179344002
543.3476394849785         0.8144825488919462
541.025641025641          0.7976741608060199
538.7234042553191         0.7765019558869181
536.4406779661016         0.7512525317451859
534.1772151898733         0.7222288964134229
531.9327731092436         0.6898731052176902
529.7071129707113         0.6547942273700195
527.4999999999999         0.617720890934094
