791.2499999999999         0.8820419010176812
786.3354037267079         0.9181971606219862
781.4814814814814         0.9481083788034953
776.6871165644171         0.9695295340283292
771.951219512195          0.9808394593405526
767.2727272727273         0.9813831006120587
762.6506024096384         0.9716172640111654
758.0838323353291         0.9530045514195805
753.5714285714284         0.9277013209380484
749.1124260355028         0.8981587429119787
744.705882352941          0.8667624825555286
740.3508771929824         0.8355885796309523
736.0465116279069         0.8062914712019135
731.7919075144507         0.7800974261223002
727.5862068965516         0.7578615839825686
723.4285714285713         0.7401511653503321
719.3181818181816         0.7273294113486215
715.2542372881354         0.7196263617580283
711.2359550561796         0.7171904399722526
707.262569832402          0.7201187538296239
703.3333333333333         0.7284650013662668
699.4475138121546         0.7422230311315472
695.6043956043954         0.7612825328977288
691.8032786885245         0.78535229369302
688.0434782608695         0.8138478887406341
684.3243243243243         0.8457476736535041
680.6451612903226         0.8794374903278781
677.0053475935828         0.9125930560627946
673.4042553191488         0.9421841218645408
669.8412698412698         0.9647036426109812
666.315789473684          0.9766876660897271
662.8272251308899         0.9754659753815841
659.3749999999999         0.9599061165624966
655.9585492227978         0.9308157044793172
652.5773195876288         0.890780758810993
649.2307692307692         0.8435048820719784
645.9183673469387         0.7929601533738606
642.6395939086294         0.7426869588230665
639.3939393939393         0.6954177035340195
636.180904522613          0.6530108913827358
632.9999999999999         0.6165822279617141
629.8507462686566         0.5867138064300137
626.7326732673266         0.5636620396572012
623.6453201970443         0.5475270863190234
620.5882352941176         0.53837312728441
617.560975609756          0.5362984824452561
614.5631067961165         0.5414504352169683
611.5942028985506         0.5539631461558987
608.6538461538461         0.5737664255039685
605.7416267942583         0.6001685144666297
602.8571428571428         0.6310808080171372
599.9999999999999         0.6618326728688537
597.1698113207547         0.6839911461485289
594.3661971830985         0.6857077538446266
591.5887850467288         0.655920958272752
588.8372093023255         0.5919843078527961
586.1111111111111         0.5038629490068262
583.4101382488478         0.40870960693407055
580.7339449541283         0.3210923543031467
578.0821917808219         0.24819251346865867
575.4545454545454         0.19104185718782732
572.8506787330316         0.14760316839667753
570.2702702702702         0.11500385577039464
567.7130044843049         0.0905808092231186
565.1785714285713         0.07219828009969545
562.6666666666666         0.05824992716694782
560.1769911504424         0.047561980459546495
557.7092511013215         0.03928611954609986
555.2631578947368         0.03281002532470923
552.8384279475981         0.027689913483788665
550.4347826086956         0.023601869876594836
548.051948051948          0.0203074259945213
545.6896551724137         0.017629369800792168
543.3476394849785         0.015434742592977316
541.025641025641          0.013622834931764536
538.7234042553191         0.012116655462767177
536.4406779661016         0.010856819843297028
534.1772151898733         0.00979713575120469
531.9327731092436         0.00890138514043246
529.7071129707113         0.008140958437804626
527.4999999999999         0.00749310011930415
