791.2499999999999         0.015340942556693212
786.3354037267079         0.01498418927860782
781.4814814814814         0.01471876660907824
776.6871165644171         0.014554152939015876
771.951219512195          0.014500067432042896
767.2727272727273         0.014567517173168395
762.6506024096384         0.014769983371449665
758.0838323353291         0.01512481837057298
753.5714285714284         0.015654985595980928
749.1124260355028         0.016391352117218625
744.705882352941          0.01737585788546714
740.3508771929824         0.01866606920296593
736.0465116279069         0.020341932674533
731.7919075144507         0.02251608252408119
727.5862068965516         0.02535001530141675
723.4285714285713         0.02908022244015044
719.3181818181816         0.034061769426900194
715.2542372881354         0.040843560261854116
711.2359550561796         0.05030348268103954
707.262569832402          0.06390169474719971
703.3333333333333         0.08417750860723244
699.4475138121546         0.1157683495373936
695.6043956043954         0.16756201618040079
691.8032786885245         0.25709585441885185
688.0434782608695         0.4169331592525467
684.3243243243243         0.6818602182888109
680.6451612903226         0.9574212775562386
677.0053475935828         0.9396451157284809
673.4042553191488         0.6928238327573027
669.8412698412698         0.47860467111250526
666.315789473684          0.3442461806657989
662.8272251308899         0.2636698548094169
659.3749999999999         0.21455896235081617
655.9585492227978         0.18424635510837728
652.5773195876288         0.1659555555039135
649.2307692307692         0.1561069861402294
645.9183673469387         0.1529315703122435
642.6395939086294         0.1558268132813299
639.3939393939393         0.1651243983089246
636.180904522613          0.18212927492555187
632.9999999999999         0.20938395258292125
629.8507462686566         0.2510760034424779
626.7326732673266         0.31304025682065706
623.6453201970443         0.3997736000223041
620.5882352941176         0.500771259665926
617.560975609756          0.5644413480308156
614.5631067961165         0.5239314550133948
611.5942028985506         0.40348209490534026
608.6538461538461         0.28289304065518356
605.7416267942583         0.19562110396261698
602.8571428571428         0.13848943089782223
599.9999999999999         0.1015354338789689
597.1698113207547         0.07716594159301114
594.3661971830985         0.06063728635412771
591.5887850467288         0.049104949532140146
588.8372093023255         0.040852256081677106
586.1111111111111         0.03482004612274888
583.4101382488478         0.030337468377953192
580.7339449541283         0.026968597529260285
578.0821917808219         0.024423671584506274
575.4545454545454         0.022506570551275498
572.8506787330316         0.021083019120571055
570.2702702702702         0.020060948215875233
567.7130044843049         0.019378205965884285
565.1785714285713         0.018994871501374255
562.6666666666666         0.018888589147730856
560.1769911504424         0.01905202444963078
557.7092511013215         0.01949197243961189
555.2631578947368         0.020229950837119787
552.8384279475981         0.02130436849926566
550.4347826086956         0.022774638663823663
548.051948051948          0.024727981072424337
545.6896551724137         0.02729023515930046
543.3476394849785         0.03064297422668121
541.025641025641          0.03505091415810715
538.7234042553191         0.04090672327853079
536.4406779661016         0.04880621246726065
534.1772151898733         0.059678275076565264
531.9327731092436         0.0750164941192353
529.7071129707113         0.09730403177730808
527.4999999999999         0.13080745256308515
