791.2499999999999         0.4658707285579754
786.3354037267079         0.45644328276875223
781.4814814814814         0.4481994497384743
776.6871165644171         0.440383412034553
771.951219512195          0.4320538701971406
767.2727272727273         0.4221285391817769
762.6506024096384         0.4094887286816709
758.0838323353291         0.39315723923634227
753.5714285714284         0.3725283636225014
749.1124260355028         0.34757999505582027
744.705882352941          0.3189674063517342
740.3508771929824         0.28792675750938407
736.0465116279069         0.2560057027303894
731.7919075144507         0.22472914187810178
727.5862068965516         0.19532982895870638
723.4285714285713         0.16861775790882486
719.3181818181816         0.14498359668418187
715.2542372881354         0.12448414886562559
711.2359550561796         0.10695353839854924
707.262569832402          0.09210327787455794
703.3333333333333         0.07959625094306841
699.4475138121546         0.06909396585907111
695.6043956043954         0.06028268433800807
691.8032786885245         0.0528851722521979
688.0434782608695         0.04666371158455912
684.3243243243243         0.04141836249203081
680.6451612903226         0.03698301117863572
677.0053475935828         0.033220682979174514
673.4042553191488         0.03001891078655296
669.8412698412698         0.027285532138036493
666.315789473684          0.024945052278775585
662.8272251308899         0.02293558618424627
659.3749999999999         0.02120633341484712
655.9585492227978         0.019715516740888468
652.5773195876288         0.018428711425177696
649.2307692307692         0.01731749701778882
645.9183673469387         0.016358372109072403
642.6395939086294         0.015531881904340948
639.3939393939393         0.014821917386505574
636.180904522613          0.014215152672056032
632.9999999999999         0.013700593800399516
629.8507462686566         0.013269217682970796
626.7326732673266         0.012913684416283173
623.6453201970443         0.012628109795501788
620.5882352941176         0.012407887811914936
617.560975609756          0.012249555322801364
614.5631067961165         0.012150693071096712
611.5942028985506         0.012109858913015935
608.6538461538461         0.012126550578343361
605.7416267942583         0.01220119662473731
602.8571428571428         0.012335175533129558
599.9999999999999         0.012530864205478368
597.1698113207547         0.012791718554181446
594.3661971830985         0.013122390513031183
591.5887850467288         0.013528887773990625
588.8372093023255         0.014018785017822657
586.1111111111111         0.014601498566865033
583.4101382488478         0.015288640526370273
580.7339449541283         0.016094473987419193
578.0821917808219         0.017036498286984905
575.4545454545454         0.01813620343719945
572.8506787330316         0.01942004676063742
570.2702702702702         0.020920724112229325
567.7130044843049         0.022678835176093357
565.1785714285713         0.024745080636043904
562.6666666666666         0.027183183600436332
560.1769911504424         0.030073806018554416
557.7092511013215         0.03351984407693214
555.2631578947368         0.03765365114193071
552.8384279475981         0.0426469767580283
550.4347826086956         0.048724759889034165
548.051948051948          0.05618442082397378
545.6896551724137         0.06542301619199957
543.3476394849785         0.07697560626452463
541.025641025641          0.09156941759307995
538.7234042553191         0.11019960583825299
536.4406779661016         0.13423263890552323
534.1772151898733         0.16553955679355967
531.9327731092436         0.20664572839362239
529.7071129707113         0.26083733585963875
527.4999999999999         0.33204915648223526
