791.2499999999999         0.18092498358080084
786.3354037267079         0.17899450165225803
781.4814814814814         0.1783742221781637
776.6871165644171         0.17911444501849316
771.951219512195          0.1813013690420871
767.2727272727273         0.18506493941910415
762.6506024096384         0.19058952459491316
758.0838323353291         0.19812857602843875
753.5714285714284         0.20802484569330812
749.1124260355028         0.22073830470969016
744.705882352941          0.23688459541648582
740.3508771929824         0.25728748210199986
736.0465116279069         0.28304873066033215
731.7919075144507         0.31563636081212915
727.5862068965516         0.3569824824441216
723.4285714285713         0.4095528366960193
719.3181818181816         0.4762734894732119
715.2542372881354         0.5600201587020784
711.2359550561796         0.6620282644883843
707.262569832402          0.7782057954801054
703.3333333333333         0.8930583718217922
699.4475138121546         0.9756758877564576
695.6043956043954         0.9899679185620744
691.8032786885245         0.9224231362941446
688.0434782608695         0.7971059113174566
684.3243243243243         0.6544838568266202
680.6451612903226         0.523745899196314
677.0053475935828         0.4162750628597541
673.4042553191488         0.33238522598831516
669.8412698412698         0.2682210503658356
666.315789473684          0.21931824536760725
662.8272251308899         0.18185749415851482
659.3749999999999         0.15289664865963906
655.9585492227978         0.13026241937067423
652.5773195876288         0.11237309587669918
649.2307692307692         0.09807945108196706
645.9183673469387         0.08654232577808389
642.6395939086294         0.07714386330508248
639.3939393939393         0.06942465773832229
636.180904522613          0.06303957572611996
632.9999999999999         0.057726671047975575
629.8507462686566         0.053285191149555926
626.7326732673266         0.049559894426051875
623.6453201970443         0.04642976761473223
620.5882352941176         0.043799833696475596
617.560975609756          0.04159515003546333
614.5631067961165         0.03975637430001169
611.5942028985506         0.03823646468939707
608.6538461538461         0.03699821027599966
605.7416267942583         0.036012376415260866
602.8571428571428         0.03525631222863135
599.9999999999999         0.034712910842816344
597.1698113207547         0.034369844219756536
594.3661971830985         0.034219016990437494
591.5887850467288         0.034256200415244686
588.8372093023255         0.03448082030941755
586.1111111111111         0.034895882822287554
583.4101382488478         0.03550803031075531
580.7339449541283         0.036327726934813336
578.0821917808219         0.037369580613322934
575.4545454545454         0.03865281511241907
572.8506787330316         0.04020191375344656
570.2702702702702         0.04204746495535287
567.7130044843049         0.044227249990461286
565.1785714285713         0.04678762531080864
562.6666666666666         0.049785265873881344
560.1769911504424         0.05328935207599234
557.7092511013215         0.05738430064694159
555.2631578947368         0.06217315749782053
552.8384279475981         0.06778178421300743
550.4347826086956         0.07436397180906747
548.051948051948          0.08210759056713804
545.6896551724137         0.09124180576153205
543.3476394849785         0.10204520768680007
541.025641025641          0.11485433897704847
538.7234042553191         0.13007142212309988
536.4406779661016         0.14816890194238994
534.1772151898733         0.16968647382116497
531.9327731092436         0.1952133478141495
529.7071129707113         0.2253446681593742
527.4999999999999         0.2605972388686763
