791.2499999999999         0.6692539506835878
786.3354037267079         0.6833848875771364
781.4814814814814         0.7070002512986724
776.6871165644171         0.7390599687742475
771.951219512195          0.7774981068046657
767.2727272727273         0.8187456982391246
762.6506024096384         0.8574539365370641
758.0838323353291         0.8868994941177921
753.5714285714284         0.9004791845085468
749.1124260355028         0.8940231524494647
744.705882352941          0.8676637708545625
740.3508771929824         0.8258705045556067
736.0465116279069         0.775584385466129
731.7919075144507         0.7238125249119313
727.5862068965516         0.6760501357592312
723.4285714285713         0.6358838839896485
719.3181818181816         0.6053633306644491
715.2542372881354         0.5856219634094219
711.2359550561796         0.5774468399458206
707.262569832402          0.5816971810772347
703.3333333333333         0.5995500928957364
699.4475138121546         0.6325050020228871
695.6043956043954         0.6818840905232788
691.8032786885245         0.7471480112627727
688.0434782608695         0.8218100141179107
684.3243243243243         0.8865439821630289
680.6451612903226         0.9058928294295108
677.0053475935828         0.8462865921167584
673.4042553191488         0.7130986334998379
669.8412698412698         0.5525688249535952
666.315789473684          0.40840373081872056
662.8272251308899         0.2973883666944463
659.3749999999999         0.21773959292632852
655.9585492227978         0.16196375189926465
652.5773195876288         0.12291808991852343
649.2307692307692         0.09528229814840507
645.9183673469387         0.07541280933679924
642.6395939086294         0.060881527081580476
639.3939393939393         0.05007507603740224
636.180904522613          0.04191260969494517
632.9999999999999         0.035660460898758614
629.8507462686566         0.030813107232224947
626.7326732673266         0.027016906451385454
623.6453201970443         0.02402089307313252
620.5882352941176         0.021644676313318432
617.560975609756          0.019757228528529593
614.5631067961165         0.018262696527409958
611.5942028985506         0.01709081417195749
608.6538461538461         0.016190388809426377
605.7416267942583         0.015524893265542116
602.8571428571428         0.015069552350555642
599.9999999999999         0.014809549749643717
597.1698113207547         0.014739149591328294
594.3661971830985         0.014861662702697238
591.5887850467288         0.015190320191801126
588.8372093023255         0.015750278990706464
586.1111111111111         0.016582222419820287
583.4101382488478         0.017748416188982655
580.7339449541283         0.01934279741289472
578.0821917808219         0.021508047187479385
575.4545454545454         0.024465369069529362
572.8506787330316         0.028568606557832412
570.2702702702702         0.03440771882035656
567.7130044843049         0.04301906326554944
565.1785714285713         0.056344576552767915
562.6666666666666         0.0783204710207422
560.1769911504424         0.1176861361181237
557.7092511013215         0.19552724862445459
555.2631578947368         0.359633057824395
552.8384279475981         0.612269456548929
550.4347826086956         0.5613989502914636
548.051948051948          0.3029449508925765
545.6896551724137         0.1604419572938876
543.3476394849785         0.09452365002739206
541.025641025641          0.0613339633141442
538.7234042553191         0.04285982489564364
536.4406779661016         0.03169616317884483
534.1772151898733         0.024504170531061936
531.9327731092436         0.019633963821975256
529.7071129707113         0.016204292897170753
527.4999999999999         0.013713259577517562
