791.2499999999999         0.018065700762387345
786.3354037267079         0.021491303432464724
781.4814814814814         0.026247158235572998
776.6871165644171         0.03307561577850511
771.951219512195          0.04330696053094909
767.2727272727273         0.05949620181153622
762.6506024096384         0.08698274951942217
758.0838323353291         0.13808438074251414
753.5714285714284         0.24396386523644684
749.1124260355028         0.4781685597284202
744.705882352941          0.8256873338824999
740.3508771929824         0.7044804208579112
736.0465116279069         0.3776300566073934
731.7919075144507         0.2082639588296918
727.5862068965516         0.12885021609989433
723.4285714285713         0.08781647057537968
719.3181818181816         0.06440387016745418
715.2542372881354         0.04996046849370647
711.2359550561796         0.040510577879820826
707.262569832402          0.034053197075488255
703.3333333333333         0.029502225843433816
699.4475138121546         0.02623124002572658
695.6043956043954         0.02386129319561909
691.8032786885245         0.02215490009291161
688.0434782608695         0.02095995518511541
684.3243243243243         0.02017870955851234
680.6451612903226         0.019750096047181497
677.0053475935828         0.019639609526849774
673.4042553191488         0.019833786130806684
669.8412698412698         0.02033778520268361
666.315789473684          0.02117540841639891
662.8272251308899         0.022391451103495903
659.3749999999999         0.02405677567329948
655.9585492227978         0.026277085513420197
652.5773195876288         0.02920724707939348
649.2307692307692         0.03307445193139732
645.9183673469387         0.03821605403745872
642.6395939086294         0.04514253302078728
639.3939393939393         0.05464448210963269
636.180904522613          0.06797760524902427
632.9999999999999         0.08718370561316756
629.8507462686566         0.1156270646543104
626.7326732673266         0.15874591815042402
623.6453201970443         0.22432127296985568
620.5882352941176         0.31836249175735715
617.560975609756          0.42584259337134767
614.5631067961165         0.48487603981184857
611.5942028985506         0.4441675830027785
608.6538461538461         0.3483462196163733
605.7416267942583         0.25870083012098133
602.8571428571428         0.1932973913671722
599.9999999999999         0.14864495640867134
597.1698113207547         0.11822024851396595
594.3661971830985         0.09709382481333498
591.5887850467288         0.08207408755914251
588.8372093023255         0.07115634773021874
586.1111111111111         0.06307144696860766
583.4101382488478         0.05699893921467128
580.7339449541283         0.0523951611542509
578.0821917808219         0.048890680936967065
575.4545454545454         0.04622826336274745
572.8506787330316         0.044224547775757406
570.2702702702702         0.04274583152062719
567.7130044843049         0.041692437961114534
565.1785714285713         0.04098845284886045
562.6666666666666         0.04057492513053142
560.1769911504424         0.04040538560140587
557.7092511013215         0.04044297774668483
555.2631578947368         0.04065875077480315
552.8384279475981         0.04103080973766015
550.4347826086956         0.04154409729393458
548.051948051948          0.0421906271470315
545.6896551724137         0.0429700235421027
543.3476394849785         0.043890261215872986
541.025641025641          0.04496855583098248
538.7234042553191         0.046232429106257314
536.4406779661016         0.04772106331626349
534.1772151898733         0.049487163622770745
531.9327731092436         0.05159966628664691
529.7071129707113         0.05414778036234423
527.4999999999999         0.05724706197095637
