791.2499999999999         0.03468322858030365
786.3354037267079         0.03360532004223254
781.4814814814814         0.03266520574641801
776.6871165644171         0.03183181785689721
771.951219512195          0.031074998086037215
767.2727272727273         0.03036577677723739
762.6506024096384         0.02967696513541614
758.0838323353291         0.028984065201925632
753.5714285714284         0.028266420329355682
749.1124260355028         0.02750843849614991
744.705882352941          0.026700648303082695
740.3508771929824         0.025840326292626788
736.0465116279069         0.024931488683727007
731.7919075144507         0.02398416842857957
727.5862068965516         0.023013063838203927
723.4285714285713         0.02203579094165011
719.3181818181816         0.021071047320107603
715.2542372881354         0.020136980463203523
711.2359550561796         0.0192499664457164
707.262569832402          0.01842388627162227
703.3333333333333         0.017669879739970862
699.4475138121546         0.016996486178222494
695.6043956043954         0.01641005355027447
691.8032786885245         0.015915303449676534
688.0434782608695         0.015515965010492067
684.3243243243243         0.015215422917957036
680.6451612903226         0.015017355136158903
677.0053475935828         0.014926361008112853
673.4042553191488         0.014948599693121827
669.8412698412698         0.015092473979598097
666.315789473684          0.015369407486552194
662.8272251308899         0.01579477614739505
659.3749999999999         0.01638906890035129
655.9585492227978         0.017179367251161027
652.5773195876288         0.018201244673327274
649.2307692307692         0.019501182109704765
645.9183673469387         0.021139543598767283
642.6395939086294         0.02319398282011101
639.3939393939393         0.02576269460668613
636.180904522613          0.028965845705019862
632.9999999999999         0.03294117128663531
629.8507462686566         0.037825112725295124
626.7326732673266         0.04370332060906668
623.6453201970443         0.05050689784975565
620.5882352941176         0.057839880585923965
617.560975609756          0.06479035230805318
614.5631067961165         0.0699305353847305
611.5942028985506         0.07179318424708836
608.6538461538461         0.06973090638486693
605.7416267942583         0.06439219023872056
602.8571428571428         0.057261157314270575
599.9999999999999         0.0497887449090919
597.1698113207547         0.0429002253131196
594.3661971830985         0.03699186677622607
591.5887850467288         0.032125554694877496
588.8372093023255         0.02820729371745852
586.1111111111111         0.025094201443253035
583.4101382488478         0.02264510554895691
580.7339449541283         0.020739533023701094
578.0821917808219         0.01928201466793369
575.4545454545454         0.01820068622736869
572.8506787330316         0.01744436186171219
570.2702702702702         0.016979853405202597
567.7130044843049         0.016790257466220565
565.1785714285713         0.01687456608085692
562.6666666666666         0.01724894999155651
560.1769911504424         0.017950307291841477
557.7092511013215         0.0190432089868316
555.2631578947368         0.02063242967203551
552.8384279475981         0.022885381077921072
550.4347826086956         0.02607330557242384
548.051948051948          0.030650423900512994
545.6896551724137         0.037415623937470374
543.3476394849785         0.04786941542165902
541.025641025641          0.0650817554086378
538.7234042553191         0.09606706657266367
536.4406779661016         0.15922881402235048
534.1772151898733         0.30973236457250236
531.9327731092436         0.6710405390314708
529.7071129707113         0.7820438138101777
527.4999999999999         0.3599446154319358
