791.2499999999999         0.23249364786336796
786.3354037267079         0.2413130352549774
781.4814814814814         0.2516556622374454
776.6871165644171         0.2634793932795975
771.951219512195          0.2767040426205855
767.2727272727273         0.2911958144356108
762.6506024096384         0.3067526945800291
758.0838323353291         0.32309369120238685
753.5714285714284         0.33985573414727316
749.1124260355028         0.35660223362298143
744.705882352941          0.37284614629864227
740.3508771929824         0.388087546624377
736.0465116279069         0.40186151805651066
731.7919075144507         0.41378798903180436
727.5862068965516         0.4236128634357491
723.4285714285713         0.4312309340928662
719.3181818181816         0.4366856171780856
715.2542372881354         0.44014675450612434
711.2359550561796         0.44187304366941715
707.262569832402          0.4421681844017758
703.3333333333333         0.4413392516935393
699.4475138121546         0.43966317070232036
695.6043956043954         0.43736399715171453
691.8032786885245         0.4346011577819004
688.0434782608695         0.43146733731092696
684.3243243243243         0.42799419005534617
680.6451612903226         0.42416410497697304
677.0053475935828         0.41992644498573534
673.4042553191488         0.4152167320839172
669.8412698412698         0.40997706875307893
666.315789473684          0.40417577062306603
662.8272251308899         0.39782396878618087
659.3749999999999         0.3909870868751403
655.9585492227978         0.38378977059927355
652.5773195876288         0.37641399590845454
649.2307692307692         0.36909142841310144
645.9183673469387         0.3620922535149956
642.6395939086294         0.3557133094690392
639.3939393939393         0.3502683146407756
636.180904522613          0.3460824141756832
632.9999999999999         0.34349246639436115
629.8507462686566         0.3428537429215125
626.7326732673266         0.3445532164221534
623.6453201970443         0.34902937333788275
620.5882352941176         0.35679833717813986
617.560975609756          0.368485577104545
614.5631067961165         0.38486066996853185
611.5942028985506         0.4068674701726951
608.6538461538461         0.43562928266149564
605.7416267942583         0.47237931646844833
602.8571428571428         0.5182049483291923
599.9999999999999         0.573382644011743
597.1698113207547         0.6359467485845365
594.3661971830985         0.6992321119757728
591.5887850467288         0.7492590792748409
588.8372093023255         0.7657894829033595
586.1111111111111         0.7322853963458185
583.4101382488478         0.6504243072596988
580.7339449541283         0.5416272860196392
578.0821917808219         0.43146645438387493
575.4545454545454         0.33586217557902565
572.8506787330316         0.25968436170606735
570.2702702702702         0.20152622331785172
567.7130044843049         0.15788594062984568
565.1785714285713         0.12523046188162726
562.6666666666666         0.10067036096821282
560.1769911504424         0.08203035572150752
557.7092511013215         0.06772874866783277
555.2631578947368         0.05662952980599085
552.8384279475981         0.04791750513180655
550.4347826086956         0.041004681550025686
548.051948051948          0.03546342347849641
545.6896551724137         0.03097966210551811
543.3476394849785         0.027320329134474124
541.025641025641          0.024310652419475456
538.7234042553191         0.021818236014476848
536.4406779661016         0.01974180859622953
534.1772151898733         0.01800319924239458
531.9327731092436         0.016541560417424234
529.7071129707113         0.015309169167676632
527.4999999999999         0.014268347094361858
