791.2499999999999         0.4445646710150138
786.3354037267079         0.5115581989643577
781.4814814814814         0.5872485012608645
776.6871165644171         0.6690148184814851
771.951219512195          0.7513837129222958
767.2727272727273         0.8258047755894976
762.6506024096384         0.8819745885717943
758.0838323353291         0.911003485357555
753.5714285714284         0.9090498436398213
749.1124260355028         0.8789086596278753
744.705882352941          0.8283658129113525
740.3508771929824         0.7667662602844921
736.0465116279069         0.7021440247020536
731.7919075144507         0.6400015849271393
727.5862068965516         0.5834075528563257
723.4285714285713         0.533652933425163
719.3181818181816         0.49094039388163174
715.2542372881354         0.45490259950407347
711.2359550561796         0.42493149958058624
707.262569832402          0.4003647875223362
703.3333333333333         0.3805810294607531
699.4475138121546         0.36504206615962553
695.6043956043954         0.35330739162272
691.8032786885245         0.3450349808245606
688.0434782608695         0.33997654020384427
684.3243243243243         0.3379713283912839
680.6451612903226         0.3389405277557724
677.0053475935828         0.34288291624868167
673.4042553191488         0.34987181969535613
669.8412698412698         0.36005269799185385
666.315789473684          0.37363998538210313
662.8272251308899         0.39091072074050454
659.3749999999999         0.4121907865507318
655.9585492227978         0.4378269055492199
652.5773195876288         0.46813367474921586
649.2307692307692         0.503300054724051
645.9183673469387         0.5432354980014806
642.6395939086294         0.5873372373842232
639.3939393939393         0.6341780720216083
636.180904522613          0.6811656095153785
632.9999999999999         0.7243220718433322
629.8507462686566         0.7584503146702298
626.7326732673266         0.7779666261821223
623.6453201970443         0.7784108288843404
620.5882352941176         0.758084055912918
617.560975609756          0.7188650268847845
614.5631067961165         0.6656083332298346
611.5942028985506         0.6044850748912067
608.6538461538461         0.5412542889851416
605.7416267942583         0.4802239011063776
602.8571428571428         0.42401836792222936
599.9999999999999         0.3738541872477417
597.1698113207547         0.3299814380241553
594.3661971830985         0.2920855294810055
591.5887850467288         0.2595776921243405
588.8372093023255         0.2317768336064133
586.1111111111111         0.20801059125170893
583.4101382488478         0.1876642700364463
580.7339449541283         0.170199319318562
578.0821917808219         0.15515550498646372
575.4545454545454         0.14214524823064525
572.8506787330316         0.13084486660496694
570.2702702702702         0.12098519242985563
567.7130044843049         0.11234275177153794
565.1785714285713         0.10473198443357737
562.6666666666666         0.09799862316597321
560.1769911504424         0.09201417727676467
557.7092511013215         0.08667139413324357
555.2631578947368         0.08188055214055388
552.8384279475981         0.07756644365926632
550.4347826086956         0.07366592165055576
548.051948051948          0.07012590233808037
545.6896551724137         0.06690173437749296
543.3476394849785         0.0639558614542441
541.025641025641          0.061256719421264434
538.7234042553191         0.0587778210453624
536.4406779661016         0.05649699135197287
534.1772151898733         0.05439572469686942
531.9327731092436         0.052458641296605664
529.7071129707113         0.050673026238172734
527.4999999999999         0.04902843815502036
