791.2499999999999         0.024700116134761745
786.3354037267079         0.02462929738916575
781.4814814814814         0.024803615585241863
776.6871165644171         0.025233442872901416
771.951219512195          0.025938806216704798
767.2727272727273         0.0269511108519523
762.6506024096384         0.02831584887221668
758.0838323353291         0.030096677371770787
753.5714285714284         0.03238148059425996
749.1124260355028         0.0352914020405242
744.705882352941          0.03899445097830368
740.3508771929824         0.04372634670539629
736.0465116279069         0.04982312738072204
731.7919075144507         0.05777342107514779
727.5862068965516         0.06830454081430505
723.4285714285713         0.0825284903673058
719.3181818181816         0.10219702682286137
715.2542372881354         0.13015918415058814
711.2359550561796         0.17119336729840445
707.262569832402          0.23348166321119052
703.3333333333333         0.33081325468267414
699.4475138121546         0.48322821453612497
695.6043956043954         0.7011032552995062
691.8032786885245         0.9134725390430286
688.0434782608695         0.9291889037208414
684.3243243243243         0.7265831609769434
680.6451612903226         0.4978962252909711
677.0053475935828         0.33352084849999214
673.4042553191488         0.22787545437359974
669.8412698412698         0.16019174648553705
666.315789473684          0.11559717186089208
662.8272251308899         0.08522764376597729
659.3749999999999         0.06391956162654522
655.9585492227978         0.04859842377400879
652.5773195876288         0.037367159650502905
649.2307692307692         0.029009292178699537
645.9183673469387         0.022715848981634354
642.6395939086294         0.017931485473575155
639.3939393939393         0.014264915684346771
636.180904522613          0.011434799576373248
632.9999999999999         0.009235734316058751
629.8507462686566         0.007516038208060693
626.7326732673266         0.006162727346182771
623.6453201970443         0.005091063734805407
620.5882352941176         0.004237124806398404
617.560975609756          0.0035524377442804037
614.5631067961165         0.0030000620670718645
611.5942028985506         0.0025517072960945706
608.6538461538461         0.0021856000248694
605.7416267942583         0.0018848983120275352
602.8571428571428         0.001636508223057659
599.9999999999999         0.001430197166944661
597.1698113207547         0.0012579270692434051
594.3661971830985         0.0011133509157990927
591.5887850467288         9.914311001928131E-4
588.8372093023255         8.881488896443527E-4
586.1111111111111         8.002822960437801E-4
583.4101382488478         7.252354927972665E-4
580.7339449541283         6.609072261991147E-4
578.0821917808219         6.055888473941296E-4
575.4545454545454         5.578849401332803E-4
572.8506787330316         5.166512610293978E-4
570.2702702702702         4.809460039057993E-4
567.7130044843049         4.4999136577698385E-4
565.1785714285713         4.2314311509238464E-4
562.6666666666666         3.9986640619609566E-4
560.1769911504424         3.7971649383223215E-4
557.7092511013215         3.623233120371866E-4
555.2631578947368         3.4737911807486925E-4
552.8384279475981         3.346285828077284E-4
550.4347826086956         3.2386084790259973E-4
548.051948051948          3.1490317788289136E-4
545.6896551724137         3.076159190096568E-4
543.3476394849785         3.0188854317366966E-4
541.025641025641          2.9763660788321766E-4
538.7234042553191         2.947995065026624E-4
536.4406779661016         2.9333891887414347E-4
534.1772151898733         2.9323790356922753E-4
531.9327731092436         2.9450060116429353E-4
529.7071129707113         2.971525448350452E-4
527.4999999999999         3.012416018884659E-4
