791.2499999999999         0.0062311089811072215
786.3354037267079         0.006325833694620925
781.4814814814814         0.006468271449904412
776.6871165644171         0.006660958917847046
771.951219512195          0.006907534629662191
767.2727272727273         0.007212820748849797
762.6506024096384         0.007582937855466972
758.0838323353291         0.008025453061065975
753.5714285714284         0.008549562357891257
749.1124260355028         0.00916630869477435
744.705882352941          0.00988883819723311
740.3508771929824         0.01073269881782028
736.0465116279069         0.0117161895730475
731.7919075144507         0.012860776130348335
727.5862068965516         0.014191602524919834
723.4285714285713         0.015738153064864195
719.3181818181816         0.017535158222980577
715.2542372881354         0.01962390012413017
711.2359550561796         0.022054165280154036
707.262569832402          0.024887225065965315
703.3333333333333         0.02820041401955586
699.4475138121546         0.0320941512604464
695.6043956043954         0.03670266850401675
691.8032786885245         0.04221038304453895
688.0434782608695         0.04887700178465533
684.3243243243243         0.057076453321582996
680.6451612903226         0.06735828725788538
677.0053475935828         0.08054629136655542
673.4042553191488         0.097898926032668
669.8412698412698         0.12136883752674571
666.315789473684          0.15399951423873118
662.8272251308899         0.2004055660819505
659.3749999999999         0.26675153592320744
655.9585492227978         0.3575436494916422
652.5773195876288         0.4619454049125153
649.2307692307692         0.5305145598025194
645.9183673469387         0.5027628698644616
642.6395939086294         0.39925350995950726
639.3939393939393         0.2895910595092516
636.180904522613          0.20634130188296815
632.9999999999999         0.14959954496406783
629.8507462686566         0.11167828572147565
626.7326732673266         0.08600477633176366
623.6453201970443         0.06821664070081879
620.5882352941176         0.055586662366664076
617.560975609756          0.04641620499722519
614.5631067961165         0.039630672841348885
611.5942028985506         0.03453545611611486
608.6538461538461         0.030671663384490754
605.7416267942583         0.02773028156532231
602.8571428571428         0.02550029116487793
599.9999999999999         0.023836777664024943
597.1698113207547         0.0226411081042758
594.3661971830985         0.021848645683936005
591.5887850467288         0.021421427894303516
588.8372093023255         0.021344407147317883
586.1111111111111         0.02162463319182755
583.4101382488478         0.02229338994372861
580.7339449541283         0.023411990142829766
578.0821917808219         0.025082933898913442
575.4545454545454         0.02746989344442416
572.8506787330316         0.030833411288850393
570.2702702702702         0.03559636668922388
567.7130044843049         0.04246916854617804
565.1785714285713         0.052701844491068024
562.6666666666666         0.06862090895278443
560.1769911504424         0.0948283694777529
557.7092511013215         0.14085368921056232
555.2631578947368         0.22527043601523888
552.8384279475981         0.3626261529697379
550.4347826086956         0.4479322996106262
548.051948051948          0.33130424659675634
545.6896551724137         0.19076020264359358
543.3476394849785         0.11113581927475183
541.025641025641          0.06971915227280889
538.7234042553191         0.04695739256755637
536.4406779661016         0.033520351522462175
534.1772151898733         0.025069953317720266
531.9327731092436         0.01947148888237158
529.7071129707113         0.015602141434431874
527.4999999999999         0.012834137318425266
