791.2499999999999         0.8435590083336291
786.3354037267079         0.859539931542028
781.4814814814814         0.8772041105878512
776.6871165644171         0.8957940461702019
771.951219512195          0.9143224996146923
767.2727272727273         0.9316029487847037
762.6506024096384         0.9463200459474848
758.0838323353291         0.9571480024721566
753.5714285714284         0.9629117493257597
749.1124260355028         0.9627675582524319
744.705882352941          0.9563635084722159
740.3508771929824         0.9439356157832496
736.0465116279069         0.9263091666993742
731.7919075144507         0.9048036354572472
727.5862068965516         0.881070418023572
723.4285714285713         0.8569105661197123
719.3181818181816         0.8341178848840713
715.2542372881354         0.8143755192176829
711.2359550561796         0.7992117134896473
707.262569832402          0.7900008505732599
703.3333333333333         0.7879803396472136
699.4475138121546         0.7942361418561356
695.6043956043954         0.8095768253698519
691.8032786885245         0.834150338974486
688.0434782608695         0.8665505638305472
684.3243243243243         0.9020842392340644
680.6451612903226         0.9302046096901161
677.0053475935828         0.9328425660587657
673.4042553191488         0.8887744447114221
669.8412698412698         0.7882179885882099
666.315789473684          0.6466060617435866
662.8272251308899         0.4966402582923421
659.3749999999999         0.36544232344195454
655.9585492227978         0.2635314155409221
652.5773195876288         0.18936811419171493
649.2307692307692         0.13697720035778635
645.9183673469387         0.10027687321147827
642.6395939086294         0.07447895455175023
639.3939393939393         0.05616912001697218
636.180904522613          0.04300959652147171
632.9999999999999         0.03342135091481893
629.8507462686566         0.026337897631443914
626.7326732673266         0.021033942270158576
623.6453201970443         0.01701107215691297
620.5882352941176         0.013922644434736913
617.560975609756          0.011524516216282223
614.5631067961165         0.009642557796191291
611.5942028985506         0.008151042160743574
608.6538461538461         0.006958115349551217
605.7416267942583         0.0059959146699813505
602.8571428571428         0.0052137687040256925
599.9999999999999         0.004573463329800786
597.1698113207547         0.004045908578365471
594.3661971830985         0.003608766133638795
591.5887850467288         0.003244742981249651
588.8372093023255         0.0029403520209070806
586.1111111111111         0.002685003464512699
583.4101382488478         0.0024703329433090723
580.7339449541283         0.0022897006794562174
578.0821917808219         0.0021378154807481877
575.4545454545454         0.002010450696211216
572.8506787330316         0.0019042285903878504
570.2702702702702         0.0018164561539003943
567.7130044843049         0.0017450000349001045
565.1785714285713         0.001688191635829594
562.6666666666666         0.0016447558727229038
560.1769911504424         0.0016137589172872371
557.7092511013215         0.0015945716308923008
555.2631578947368         0.001586846496119235
552.8384279475981         0.0015905067627300074
550.4347826086956         0.0016057473370053078
548.051948051948          0.00163304773247886
545.6896551724137         0.0016731982418609734
543.3476394849785         0.001727341469446986
541.025641025641          0.0017970325868145048
538.7234042553191         0.0018843232856444589
536.4406779661016         0.001991876604037206
534.1772151898733         0.0021231228971310863
531.9327731092436         0.002282471662119666
529.7071129707113         0.0024756004087947837
527.4999999999999         0.002709851379884073
