791.2499999999999         0.02503382236252134
786.3354037267079         0.02290479500311685
781.4814814814814         0.021222530924083393
776.6871165644171         0.019898943402668675
771.951219512195          0.01887004958317875
767.2727272727273         0.018089356122042308
762.6506024096384         0.017523428626574005
758.0838323353291         0.017148917876501257
753.5714285714284         0.016950591711354563
749.1124260355028         0.01692009300848654
744.705882352941          0.017055255557979838
740.3508771929824         0.017359886858615062
736.0465116279069         0.01784398620165308
731.7919075144507         0.01852441929785749
727.5862068965516         0.01942612678612534
723.4285714285713         0.020584013578512434
719.3181818181816         0.02204576284306937
715.2542372881354         0.023875963341237552
711.2359550561796         0.02616216609068591
707.262569832402          0.029023854919106275
703.3333333333333         0.0326259303318349
699.4475138121546         0.037199358948069854
695.6043956043954         0.043073490720215594
691.8032786885245         0.050727881650629386
688.0434782608695         0.06087762511623289
684.3243243243243         0.07461783821458016
680.6451612903226         0.09367520337755944
677.0053475935828         0.12085645973784792
673.4042553191488         0.1608565029038333
669.8412698412698         0.22167245574020403
666.315789473684          0.31669890405896406
662.8272251308899         0.46554740553124413
659.3749999999999         0.6814094848852726
655.9585492227978         0.9128931342402735
652.5773195876288         0.9937844973996892
649.2307692307692         0.8536893918638015
645.9183673469387         0.6409563358154469
642.6395939086294         0.4670149733629557
639.3939393939393         0.34676351191356186
636.180904522613          0.2660613437098575
632.9999999999999         0.21103325108762555
629.8507462686566         0.1724047366612845
626.7326732673266         0.14443267115524316
623.6453201970443         0.12357162533328377
620.5882352941176         0.10758910340044595
617.560975609756          0.09504179347510588
614.5631067961165         0.0849713297514113
611.5942028985506         0.07672558264621857
608.6538461538461         0.06985134111313779
605.7416267942583         0.06402815293245248
602.8571428571428         0.05902637741796974
599.9999999999999         0.0546798054238269
597.1698113207547         0.05086725671521432
594.3661971830985         0.04749986077806167
591.5887850467288         0.04451205193873164
588.8372093023255         0.04185508379001899
586.1111111111111         0.03949232154238172
583.4101382488478         0.03739583516256145
580.7339449541283         0.03554396915149167
578.0821917808219         0.03391965450776749
575.4545454545454         0.032509284120326505
572.8506787330316         0.03130201156179519
570.2702702702702         0.030289363958481173
567.7130044843049         0.02946508627669463
565.1785714285713         0.028825158327064882
562.6666666666666         0.028367947329003548
560.1769911504424         0.02809447814998567
557.7092511013215         0.028008820803685552
555.2631578947368         0.02811861138845314
552.8384279475981         0.02843573980230197
550.4347826086956         0.02897725726646567
548.051948051948          0.029766581622632505
545.6896551724137         0.030835112291791943
543.3476394849785         0.03222441511891855
541.025641025641          0.0339892082012662
538.7234042553191         0.03620148571372461
536.4406779661016         0.03895627731813304
534.1772151898733         0.042379787109670324
531.9327731092436         0.04664103788921062
529.7071129707113         0.05196874285456227
527.4999999999999         0.05867606099581799
