791.2499999999999         0.3303820162470935
786.3354037267079         0.3469695410015181
781.4814814814814         0.3678328927729006
776.6871165644171         0.3923183046694898
771.951219512195          0.4194835151702555
767.2727272727273         0.4481066530840141
762.6506024096384         0.4768361491844293
758.0838323353291         0.5044861605150209
753.5714285714284         0.5303979831447216
749.1124260355028         0.5547228155386867
744.705882352941          0.5785015959096295
740.3508771929824         0.603518247667018
736.0465116279069         0.6319925298650062
731.7919075144507         0.6661690049086696
727.5862068965516         0.707735868204122
723.4285714285713         0.756819191198603
719.3181818181816         0.8101654132566019
715.2542372881354         0.8584612284004582
711.2359550561796         0.884518939230235
707.262569832402          0.8673549255097748
703.3333333333333         0.7958462204499113
699.4475138121546         0.6814569963346493
695.6043956043954         0.5519649051520925
691.8032786885245         0.43225703525980114
688.0434782608695         0.3341123353676603
684.3243243243243         0.2587116993618107
680.6451612903226         0.2025002400524173
677.0053475935828         0.16098645403340972
673.4042553191488         0.1302649871349242
669.8412698412698         0.10735075111347837
666.315789473684          0.09008102507938977
662.8272251308899         0.07692115964406815
659.3749999999999         0.06678723189176546
655.9585492227978         0.05891080441722601
652.5773195876288         0.05274264878053468
649.2307692307692         0.04788608723873167
645.9183673469387         0.04405123794415352
642.6395939086294         0.04102355913546965
639.3939393939393         0.038642059647481485
636.180904522613          0.03678403318126422
632.9999999999999         0.0353542171069571
629.8507462686566         0.03427698689268374
626.7326732673266         0.03349067923965378
623.6453201970443         0.03294346738140873
620.5882352941176         0.03259044043820785
617.560975609756          0.032391692798431654
614.5631067961165         0.03231132032512649
611.5942028985506         0.03231724922617423
608.6538461538461         0.03238179197946151
605.7416267942583         0.03248274513335743
602.8571428571428         0.032604747704691094
599.9999999999999         0.03274055453798632
597.1698113207547         0.03289189351450005
594.3661971830985         0.033069688224453324
591.5887850467288         0.03329361213782436
588.8372093023255         0.03359113143042377
586.1111111111111         0.033996319631629274
583.4101382488478         0.03454874429770478
580.7339449541283         0.035292631426751604
578.0821917808219         0.03627633059199174
575.4545454545454         0.037551850248819484
572.8506787330316         0.039173891293361615
570.2702702702702         0.04119731349534207
567.7130044843049         0.04367122852708625
565.1785714285713         0.04662688029669106
562.6666666666666         0.05005540449927697
560.1769911504424         0.05387161267363449
557.7092511013215         0.05786417181018426
555.2631578947368         0.061646132816000336
552.8384279475981         0.0646451160316218
550.4347826086956         0.06619342033708986
548.051948051948          0.06574710649909048
545.6896551724137         0.06314765807134697
543.3476394849785         0.0587353740634448
541.025641025641          0.053204415935217075
538.7234042553191         0.04731184197563075
536.4406779661016         0.04164713560596807
534.1772151898733         0.036556218201819035
531.9327731092436         0.0321788561755264
529.7071129707113         0.02852312758091961
527.4999999999999         0.02553047957725417
