791.2499999999999         0.713399142209428
786.3354037267079         0.7070275233642528
781.4814814814814         0.699742990242469
776.6871165644171         0.6915729785674593
771.951219512195          0.6825489064202493
767.2727272727273         0.6727071429608722
762.6506024096384         0.6620901232323265
758.0838323353291         0.650747462916462
753.5714285714284         0.6387369208492564
749.1124260355028         0.626125066330634
744.705882352941          0.6129875328180721
740.3508771929824         0.5994087776365541
736.0465116279069         0.5854813150727202
731.7919075144507         0.5713044421818744
727.5862068965516         0.5569825264296486
723.4285714285713         0.542622965595725
719.3181818181816         0.5283339580647002
715.2542372881354         0.5142222326677112
711.2359550561796         0.5003908811197636
707.262569832402          0.4869374147848972
703.3333333333333         0.47395213485474214
699.4475138121546         0.46151686588612023
695.6043956043954         0.4497040618790822
691.8032786885245         0.4385762557281353
688.0434782608695         0.428185789641898
684.3243243243243         0.41857473717214244
680.6451612903226         0.4097749066088527
677.0053475935828         0.40180779946272255
673.4042553191488         0.3946843848875218
669.8412698412698         0.3884045396691385
666.315789473684          0.38295599323857277
662.8272251308899         0.3783126093541393
659.3749999999999         0.3744318351392675
655.9585492227978         0.37125116353535526
652.5773195876288         0.36868350371078434
649.2307692307692         0.36661146207256934
645.9183673469387         0.36488074193873565
642.6395939086294         0.36329321882316373
639.3939393939393         0.3616007831533992
636.180904522613          0.3595017717594539
632.9999999999999         0.3566426524551405
629.8507462686566         0.35262833206958494
626.7326732673266         0.34704453908823607
623.6453201970443         0.3394944927785046
620.5882352941176         0.32964887716577834
617.560975609756          0.31730299867384354
614.5631067961165         0.30242926461675657
611.5942028985506         0.2852096135459059
608.6538461538461         0.2660344385424526
605.7416267942583         0.24546302651417154
602.8571428571428         0.22415283719109633
599.9999999999999         0.2027752464493209
597.1698113207547         0.18193849683402175
594.3661971830985         0.16213358031342276
591.5887850467288         0.143709178234151
588.8372093023255         0.12687268176933406
586.1111111111111         0.1117090453587111
583.4101382488478         0.09820824261978035
580.7339449541283         0.08629394101865674
578.0821917808219         0.07584884835915828
575.4545454545454         0.06673473869438709
572.8506787330316         0.05880691563638901
570.2702702702702         0.05192381237269753
567.7130044843049         0.04595277738351128
565.1785714285713         0.040773096789659895
562.6666666666666         0.03627714492240631
560.1769911504424         0.03237034909279059
557.7092511013215         0.028970461345209277
555.2631578947368         0.026006472185557874
552.8384279475981         0.02341738267757174
550.4347826086956         0.02115096717192837
548.051948051948          0.019162601903845347
545.6896551724137         0.017414197565381435
543.3476394849785         0.015873250758999095
541.025641025641          0.014512015433289444
538.7234042553191         0.013306787729458336
536.4406779661016         0.012237293873566406
534.1772151898733         0.011286169322935928
531.9327731092436         0.010438517328040095
529.7071129707113         0.009681535774572855
527.4999999999999         0.00900420223450983
