791.2499999999999         0.5136108125658649
786.3354037267079         0.4355164964115303
781.4814814814814         0.3715622150587327
776.6871165644171         0.31991503198456595
771.951219512195          0.27841963110977785
767.2727272727273         0.24507784516722753
762.6506024096384         0.2182066560829097
758.0838323353291         0.19645054265489226
753.5714285714284         0.17873942466947132
749.1124260355028         0.16423353939766785
744.705882352941          0.15227159560279718
740.3508771929824         0.1423273001843779
736.0465116279069         0.13397481536744976
731.7919075144507         0.12686220520465408
727.5862068965516         0.12069170875706782
723.4285714285713         0.11520592194413029
719.3181818181816         0.11017929377755052
715.2542372881354         0.10541452896080106
711.2359550561796         0.1007433931392542
707.262569832402          0.09603097032666327
703.3333333333333         0.09118169783496302
699.4475138121546         0.08614478504533214
695.6043956043954         0.08091636247761225
691.8032786885245         0.07553631441221424
688.0434782608695         0.07007925879922926
684.3243243243243         0.06464104314417252
680.6451612903226         0.0593235804544453
677.0053475935828         0.054221197027915044
673.4042553191488         0.049410853543932126
669.8412698412698         0.04494716387148579
666.315789473684          0.040861777367339
662.8272251308899         0.03716587316939322
659.3749999999999         0.0338543175773997
655.9585492227978         0.030910270645960296
652.5773195876288         0.028309440132099118
649.2307692307692         0.026023578976923985
645.9183673469387         0.02402311574857182
642.6395939086294         0.022278981673591002
639.3939393939393         0.020763777160481424
636.180904522613          0.01945243879048654
632.9999999999999         0.018322553364006396
629.8507462686566         0.017354438262513313
626.7326732673266         0.01653107827894116
623.6453201970443         0.01583798347328397
620.5882352941176         0.01526301230455518
617.560975609756          0.014796189252473588
614.5631067961165         0.014429535595422649
611.5942028985506         0.014156924990605214
608.6538461538461         0.013973971118960024
605.7416267942583         0.013877952194347929
602.8571428571428         0.013867776063511496
599.9999999999999         0.01394398957533317
597.1698113207547         0.014108836646580124
594.3661971830985         0.01436637087612306
591.5887850467288         0.014722630625474128
588.8372093023255         0.015185887224196084
586.1111111111111         0.015766980464027823
583.4101382488478         0.016479759949415952
580.7339449541283         0.017341656336137084
578.0821917808219         0.018374413174092098
575.4545454545454         0.01960501807706285
572.8506787330316         0.021066881204920476
570.2702702702702         0.022801319126217547
567.7130044843049         0.024859411855809446
565.1785714285713         0.02730430768126152
562.6666666666666         0.030214049301178603
560.1769911504424         0.03368497662866821
557.7092511013215         0.03783571046668797
555.2631578947368         0.04281161112396268
552.8384279475981         0.048789397344868674
550.4347826086956         0.055981249888526624
548.051948051948          0.06463715198527673
545.6896551724137         0.07504340623963206
543.3476394849785         0.08751429766479837
541.025641025641          0.10237309881040267
538.7234042553191         0.1199188700921207
536.4406779661016         0.14037821014905774
534.1772151898733         0.1638477928372409
531.9327731092436         0.19024423815964406
529.7071129707113         0.2192885499081085
527.4999999999999         0.2505537292429332
