791.2499999999999         0.04535493729194701
786.3354037267079         0.053221470763522113
781.4814814814814         0.06337544600564848
776.6871165644171         0.07674680166000492
771.951219512195          0.09476358179892812
767.2727272727273         0.11967811306945365
762.6506024096384         0.15512585504432091
758.0838323353291         0.20703295874063568
753.5714285714284         0.2847715710551554
749.1124260355028         0.4009344410488024
744.705882352941          0.5616883887488563
740.3508771929824         0.7291795140129295
736.0465116279069         0.7890674389135376
731.7919075144507         0.6819120496602645
727.5862068965516         0.5088329192760889
723.4285714285713         0.3625966049095115
719.3181818181816         0.2607114812488458
715.2542372881354         0.192795948479371
711.2359550561796         0.14714303076902654
707.262569832402          0.11568268759972283
703.3333333333333         0.09338586956722154
699.4475138121546         0.0771581990425337
695.6043956043954         0.06506609534469018
691.8032786885245         0.055871429767517404
688.0434782608695         0.04876026494669246
684.3243243243243         0.04318381175592066
680.6451612903226         0.03876339526735756
677.0053475935828         0.035232327969804446
673.4042553191488         0.032399495174092005
669.8412698412698         0.030126016818465554
666.315789473684          0.028309979750765282
662.8272251308899         0.026876275706763042
659.3749999999999         0.025769752332615633
655.9585492227978         0.02495057376648174
652.5773195876288         0.02439110324015538
649.2307692307692         0.024073879144601643
645.9183673469387         0.023990424210015487
642.6395939086294         0.02414074404750368
639.3939393939393         0.02453346103908119
636.180904522613          0.02518661010918007
632.9999999999999         0.026129209700259132
629.8507462686566         0.02740383165759641
626.7326732673266         0.02907055187648128
623.6453201970443         0.031212907993225958
620.5882352941176         0.033946887234589246
617.560975609756          0.03743463557497728
614.5631067961165         0.04190573932090218
611.5942028985506         0.047691004432695756
608.6538461538461         0.055277476952334835
605.7416267942583         0.0654006769673309
602.8571428571428         0.07920405204445756
599.9999999999999         0.09852332048461758
597.1698113207547         0.1264072973005128
594.3661971830985         0.16808246656331385
591.5887850467288         0.23267011628496082
588.8372093023255         0.3355979258526806
586.1111111111111         0.4978342153481016
583.4101382488478         0.7201527875190412
580.7339449541283         0.8981878547817918
578.0821917808219         0.8566728675136707
575.4545454545454         0.6553840975319707
572.8506787330316         0.46377799283971216
570.2702702702702         0.33125363170971145
567.7130044843049         0.2457888182234738
565.1785714285713         0.19025633695041314
562.6666666666666         0.15314459401623878
560.1769911504424         0.1275955897858519
557.7092511013215         0.10956434042850659
555.2631578947368         0.09661590921377984
552.8384279475981         0.08724442132799703
550.4347826086956         0.08049569051781993
548.051948051948          0.0757554936411296
545.6896551724137         0.07262838303453976
543.3476394849785         0.07086731021352949
541.025641025641          0.0703329998267174
538.7234042553191         0.07097188932448423
536.4406779661016         0.07280689045118492
534.1772151898733         0.07593850179543021
531.9327731092436         0.0805561358957076
529.7071129707113         0.08696168496468853
527.4999999999999         0.09560995687931959
