791.2499999999999         0.16610710138709606
786.3354037267079         0.17288265672474973
781.4814814814814         0.18102753037415856
776.6871165644171         0.19087352674606942
771.951219512195          0.20280794637014127
767.2727272727273         0.217292799605394
762.6506024096384         0.23488803729786958
758.0838323353291         0.25627852459233635
753.5714285714284         0.2823032832373065
749.1124260355028         0.31398263654098896
744.705882352941          0.3525326941017838
740.3508771929824         0.39934424792860906
736.0465116279069         0.45588020081048697
731.7919075144507         0.5234074509578032
727.5862068965516         0.6024283090570061
723.4285714285713         0.6916470128187493
719.3181818181816         0.7864153900283645
715.2542372881354         0.8770844745770198
711.2359550561796         0.9486912935447007
707.262569832402          0.9841732602772476
703.3333333333333         0.9716147845585552
699.4475138121546         0.9112543382031595
695.6043956043954         0.8158322655067533
691.8032786885245         0.7037129801639525
688.0434782608695         0.591025695936256
684.3243243243243         0.4879301263056179
680.6451612903226         0.3989168423286312
677.0053475935828         0.32472577430233596
673.4042553191488         0.26416689881301886
669.8412698412698         0.21531340280554592
666.315789473684          0.17613757110945405
662.8272251308899         0.14479382444607256
659.3749999999999         0.11971342712479088
655.9585492227978         0.09961062975486637
652.5773195876288         0.08345292340923312
649.2307692307692         0.07042073892296327
645.9183673469387         0.05986770566719226
642.6395939086294         0.0512856882679783
639.3939393939393         0.04427567086308387
636.180904522613          0.038524229276765326
632.9999999999999         0.0337848515356225
629.8507462686566         0.029863266321183413
626.7326732673266         0.026605995197423616
623.6453201970443         0.023891455323773153
620.5882352941176         0.02162305928206183
617.560975609756          0.01972386879384694
614.5631067961165         0.018132453102220718
611.5942028985506         0.0167996798552064
608.6538461538461         0.01568622800601755
605.7416267942583         0.014760660874519011
602.8571428571428         0.013997935507666804
599.9999999999999         0.013378254025223208
597.1698113207547         0.012886185607912026
594.3661971830985         0.012510005716077448
591.5887850467288         0.012241213258841055
588.8372093023255         0.01207419775679357
586.1111111111111         0.012006037838264035
583.4101382488478         0.012036420286242378
580.7339449541283         0.012167675748997188
578.0821917808219         0.012404933384251894
575.4545454545454         0.01275640207321191
572.8506787330316         0.0132337898510035
570.2702702702702         0.013852874322133895
567.7130044843049         0.01463423168567112
565.1785714285713         0.015604113710908056
562.6666666666666         0.016795417226105728
560.1769911504424         0.018248594496010268
557.7092511013215         0.020012161050081998
555.2631578947368         0.022142097582201852
552.8384279475981         0.024698812695394694
550.4347826086956         0.02773934175518682
548.051948051948          0.0313011880479418
545.6896551724137         0.035373386454961735
543.3476394849785         0.03985223330190932
541.025641025641          0.04448815054105961
538.7234042553191         0.04885042381565351
536.4406779661016         0.052360328111951855
534.1772151898733         0.054436041166676455
531.9327731092436         0.054716056706230025
529.7071129707113         0.053224457461887566
527.4999999999999         0.050349002152669346
