791.2499999999999         0.03750059837900435
786.3354037267079         0.04120048327507179
781.4814814814814         0.0460254322284716
776.6871165644171         0.05235313832103533
771.951219512195          0.06074234875815765
767.2727272727273         0.07203774024263081
762.6506024096384         0.08754722267465699
758.0838323353291         0.10934545433826094
753.5714285714284         0.14078881862187534
749.1124260355028         0.18733006492025045
744.705882352941          0.2574675587653796
740.3508771929824         0.36213468680981636
736.0465116279069         0.5051667197013376
731.7919075144507         0.6512539022003077
727.5862068965516         0.7068146502429794
723.4285714285713         0.6280133171363994
719.3181818181816         0.4917293730592313
715.2542372881354         0.3708262368088137
711.2359550561796         0.28298739338184725
707.262569832402          0.2225401463796649
703.3333333333333         0.18103436555718155
699.4475138121546         0.15213415953594253
695.6043956043954         0.13169043612227413
691.8032786885245         0.11706316235357928
688.0434782608695         0.10656388549575863
684.3243243243243         0.09909436413335465
680.6451612903226         0.09392477196957486
677.0053475935828         0.0905573164760776
673.4042553191488         0.08863963626995852
669.8412698412698         0.0879063988035532
666.315789473684          0.08813629405947737
662.8272251308899         0.08911718295414757
659.3749999999999         0.09061641593788143
655.9585492227978         0.09235761024631786
652.5773195876288         0.09400983996936815
649.2307692307692         0.0951988416774607
645.9183673469387         0.09554865566300506
642.6395939086294         0.09475170975939101
639.3939393939393         0.09264673773022639
636.180904522613          0.08926922721277487
632.9999999999999         0.08484519650449501
629.8507462686566         0.07972810699655206
626.7326732673266         0.07430925471053522
623.6453201970443         0.06893997763779598
620.5882352941176         0.06388808294801315
617.560975609756          0.059328944451831664
614.5631067961165         0.055359040341602855
611.5942028985506         0.052018406558808024
608.6538461538461         0.04931300023220337
605.7416267942583         0.047233015917025396
602.8571428571428         0.04576655410400101
599.9999999999999         0.044909651196352686
597.1698113207547         0.04467421236103555
594.3661971830985         0.045095472784449864
591.5887850467288         0.04624065351292184
588.8372093023255         0.048220711724092855
586.1111111111111         0.05120767859301624
583.4101382488478         0.05546119050490275
580.7339449541283         0.0613695663753277
578.0821917808219         0.06951286898636129
575.4545454545454         0.08075552387095207
572.8506787330316         0.09636402321071005
570.2702702702702         0.11808239338066892
567.7130044843049         0.14785993745689
565.1785714285713         0.1862407083356112
562.6666666666666         0.22754274973470578
560.1769911504424         0.2536991316443853
557.7092511013215         0.24368706821730732
555.2631578947368         0.20154467242285
552.8384279475981         0.15195024634312887
550.4347826086956         0.11100689132406068
548.051948051948          0.08150468563787966
545.6896551724137         0.06110153214182245
543.3476394849785         0.046996134156631654
541.025641025641          0.03709108342481946
538.7234042553191         0.029989803488635385
536.4406779661016         0.024789445706271236
534.1772151898733         0.020905123409964622
531.9327731092436         0.017952427948045566
529.7071129707113         0.01567390074492424
527.4999999999999         0.01389366389075456
