791.2499999999999         0.0922026407232953
786.3354037267079         0.07329008251411773
781.4814814814814         0.05874284056400295
776.6871165644171         0.04762853987426679
771.951219512195          0.03911708965871474
767.2727272727273         0.032552347976741086
762.6506024096384         0.027441276209525734
758.0838323353291         0.023421021585786506
753.5714285714284         0.02022612428729111
749.1124260355028         0.017662011164343502
744.705882352941          0.015585202753484139
740.3508771929824         0.013889028191928604
736.0465116279069         0.012493454578898309
731.7919075144507         0.01133786833289451
727.5862068965516         0.010375938622189704
723.4285714285713         0.009571941487959519
719.3181818181816         0.008898109865035303
715.2542372881354         0.008332707602089921
711.2359550561796         0.007858618011924815
707.262569832402          0.007462301146111735
703.3333333333333         0.007133017752474271
699.4475138121546         0.006862248035644416
695.6043956043954         0.006643254239873595
691.8032786885245         0.006470750659937869
688.0434782608695         0.006340654956819149
684.3243243243243         0.006249901962077068
680.6451612903226         0.006196306417890179
677.0053475935828         0.006178464948755768
673.4042553191488         0.006195690431795372
669.8412698412698         0.00624797413143817
666.315789473684          0.006335972710182119
662.8272251308899         0.006461018681496134
659.3749999999999         0.006625154157872059
655.9585492227978         0.006831188967722713
652.5773195876288         0.0070827854583343204
649.2307692307692         0.007384573653973353
645.9183673469387         0.007742301988036766
642.6395939086294         0.008163030676342524
639.3939393939393         0.008655377064263727
636.180904522613          0.009229825108707443
632.9999999999999         0.009899114727871828
629.8507462686566         0.010678731293478306
626.7326732673266         0.011587521334300417
623.6453201970443         0.012648467913929989
620.5882352941176         0.013889668557648217
617.560975609756          0.015345570512616072
614.5631067961165         0.017058533037793512
611.5942028985506         0.019080804771080644
608.6538461538461         0.021477026167139663
605.7416267942583         0.02432739197563476
602.8571428571428         0.02773163457706424
599.9999999999999         0.03181401025551287
597.1698113207547         0.03672947516358162
594.3661971830985         0.042671201188771525
591.5887850467288         0.04987945569620046
588.8372093023255         0.05865156093578718
586.1111111111111         0.06935198883013316
583.4101382488478         0.08242033501408766
580.7339449541283         0.09837245758820043
578.0821917808219         0.11778574117231987
575.4545454545454         0.14125248791143305
572.8506787330316         0.1692758886725131
570.2702702702702         0.20207428019278859
567.7130044843049         0.23926354873036612
565.1785714285713         0.27943181542406315
562.6666666666666         0.31974063630669725
560.1769911504424         0.3558731923038168
557.7092511013215         0.3827380559004928
555.2631578947368         0.3960143364809901
552.8384279475981         0.39385887668001224
550.4347826086956         0.3776289105293304
548.051948051948          0.35110404224733743
545.6896551724137         0.31886943120522354
543.3476394849785         0.28493137035491833
541.025641025641          0.25208920877216884
538.7234042553191         0.2219409986096847
536.4406779661016         0.19517951113004986
534.1772151898733         0.17192444824696615
531.9327731092436         0.15198252908166604
529.7071129707113         0.13501840598423864
527.4999999999999         0.12065459599378688
