791.2499999999999         0.08282424083189616
786.3354037267079         0.0893279900623925
781.4814814814814         0.09666401962543748
776.6871165644171         0.10492711992209294
771.951219512195          0.11421748763410078
767.2727272727273         0.1246381100359816
762.6506024096384         0.13629077534346137
758.0838323353291         0.14927039257806538
753.5714285714284         0.16365734956626599
749.1124260355028         0.17950775596489782
744.705882352941          0.19684162698246802
740.3508771929824         0.21562936256391743
736.0465116279069         0.23577723491297783
731.7919075144507         0.25711294437387605
727.5862068965516         0.2793725421114645
723.4285714285713         0.3021900629281602
719.3181818181816         0.3250910604518461
715.2542372881354         0.34749103913010776
711.2359550561796         0.36869984493142627
707.262569832402          0.38793376712491084
703.3333333333333         0.4043385432724251
699.4475138121546         0.41702816622424893
695.6043956043954         0.42514499892126806
691.8032786885245         0.4279441399095321
688.0434782608695         0.42489750822146705
684.3243243243243         0.4158012341606737
680.6451612903226         0.40085818039155596
677.0053475935828         0.38070372659291946
673.4042553191488         0.35635401308639125
669.8412698412698         0.32908041880484906
666.315789473684          0.30024080750302995
662.8272251308899         0.27111229031965706
659.3749999999999         0.24276479088740724
655.9585492227978         0.21599486977396243
652.5773195876288         0.1913173419398784
649.2307692307692         0.16899806242019905
645.9183673469387         0.14910749158927372
642.6395939086294         0.13157825790122252
639.3939393939393         0.11625632911780528
636.180904522613          0.10294127588849201
632.9999999999999         0.09141509572753355
629.8507462686566         0.08146114357312922
626.7326732673266         0.07287543184880528
623.6453201970443         0.06547251178043743
620.5882352941176         0.05908776500196929
617.560975609756          0.05357747616718724
614.5631067961165         0.04881764502095268
611.5942028985506         0.044702171504759816
608.6538461538461         0.041140811197581874
605.7416267942583         0.03805713604566458
602.8571428571428         0.03538662877236855
599.9999999999999         0.03307497231069429
597.1698113207547         0.03107655530925163
594.3661971830985         0.029353191952432106
591.5887850467288         0.02787304259984579
588.8372093023255         0.02660971682469079
586.1111111111111         0.025541539574186384
583.4101382488478         0.024650962687377792
580.7339449541283         0.023924106886880868
578.0821917808219         0.023350423082563566
575.4545454545454         0.022922466184004415
572.8506787330316         0.022635779658049582
570.2702702702702         0.022488895049448003
567.7130044843049         0.022483458107846306
565.1785714285713         0.022624502848906592
562.6666666666666         0.0229209081053652
560.1769911504424         0.023386089916906026
557.7092511013215         0.024039010700442048
555.2631578947368         0.02490562780917063
552.8384279475981         0.02602096862386917
550.4347826086956         0.027432121732199673
548.051948051948          0.02920260030581909
545.6896551724137         0.03141881169927688
543.3476394849785         0.0341998439724762
541.025641025641          0.03771262248976046
538.7234042553191         0.04219602833652671
536.4406779661016         0.04800048355583518
534.1772151898733         0.05565524747590647
531.9327731092436         0.06598747377980883
529.7071129707113         0.08034250111543371
527.4999999999999         0.10101216333673509
