791.2499999999999         0.045192858123431205
786.3354037267079         0.0501956026649837
781.4814814814814         0.05630222263369182
776.6871165644171         0.06374101401250896
771.951219512195          0.07277266427219671
767.2727272727273         0.08367433824922298
762.6506024096384         0.09670313892980938
758.0838323353291         0.11202827716974319
753.5714285714284         0.12962504135474315
749.1124260355028         0.14914056583845478
744.705882352941          0.16977728233587194
740.3508771929824         0.19028316351251565
736.0465116279069         0.20914228392100284
731.7919075144507         0.22496827022075597
727.5862068965516         0.23694146816035272
723.4285714285713         0.24504946823653093
719.3181818181816         0.2500094065052746
715.2542372881354         0.25296573761766383
711.2359550561796         0.2551599045125181
707.262569832402          0.2577071028942155
703.3333333333333         0.2615019638537352
699.4475138121546         0.26720726391761895
695.6043956043954         0.2752679184256866
691.8032786885245         0.28590579233774194
688.0434782608695         0.2990663475404236
684.3243243243243         0.31430236612923257
680.6451612903226         0.3306039572472098
677.0053475935828         0.346235295833078
673.4042553191488         0.3587213452077767
669.8412698412698         0.36518876711999804
666.315789473684          0.3631648655428881
662.8272251308899         0.3515807415732296
659.3749999999999         0.33135524356747476
655.9585492227978         0.305077427513602
652.5773195876288         0.2759893273179041
649.2307692307692         0.24695941769885482
645.9183673469387         0.21994704716179447
642.6395939086294         0.19597390501095088
639.3939393939393         0.17535879721954595
636.180904522613          0.1579948227144138
632.9999999999999         0.14356497850916045
629.8507462686566         0.13167787440282294
626.7326732673266         0.12194048137601597
623.6453201970443         0.11399045779328093
620.5882352941176         0.10750565730701486
617.560975609756          0.10220217991220013
614.5631067961165         0.09782767798629602
611.5942028985506         0.09415381950680039
608.6538461538461         0.09097033072044165
605.7416267942583         0.08808228733954235
602.8571428571428         0.08531175189058016
599.9999999999999         0.08250402034344607
597.1698113207547         0.0795374168819514
594.3661971830985         0.07633395568424856
591.5887850467288         0.07286698689390586
588.8372093023255         0.06916210075370803
586.1111111111111         0.06528952100314749
583.4101382488478         0.061349294968940225
580.7339449541283         0.05745320382761803
578.0821917808219         0.053708097485602076
575.4545454545454         0.050204134806718606
572.8506787330316         0.04700917698662716
570.2702702702702         0.044168599452170255
567.7130044843049         0.041708760274673407
565.1785714285713         0.039642281514063835
562.6666666666666         0.03797377117786857
560.1769911504424         0.03670523398150398
557.7092511013215         0.03584095231487926
555.2631578947368         0.035391996562946886
552.8384279475981         0.03538077895127027
550.4347826086956         0.03584627102554883
548.051948051948          0.03685074734095843
545.6896551724137         0.03848929269472128
543.3476394849785         0.040903937170872526
541.025641025641          0.04430532103853999
538.7234042553191         0.04900640989431324
536.4406779661016         0.05547492085915816
534.1772151898733         0.06441238239283288
531.9327731092436         0.07686091772831453
529.7071129707113         0.09429448659280579
527.4999999999999         0.11846671832735967
