791.2499999999999         0.06470770700089129
786.3354037267079         0.06039262098846261
781.4814814814814         0.05695804986636563
776.6871165644171         0.05424242722046555
771.951219512195          0.05211937448338967
767.2727272727273         0.05048906561054394
762.6506024096384         0.04927153926666311
758.0838323353291         0.048401581321706945
753.5714285714284         0.04782483931752665
749.1124260355028         0.047494904367205576
744.705882352941          0.04737116773608516
740.3508771929824         0.04741731558389988
736.0465116279069         0.04760036159576335
731.7919075144507         0.047890132962273124
727.5862068965516         0.04825912253077884
723.4285714285713         0.04868260402054305
719.3181818181816         0.0491388861073181
715.2542372881354         0.04960956509876534
711.2359550561796         0.05007963458326153
707.262569832402          0.05053732999115029
703.3333333333333         0.050973626626144755
699.4475138121546         0.05138136546698228
695.6043956043954         0.051754042475141836
691.8032786885245         0.052084355577723986
688.0434782608695         0.0523626545711123
684.3243243243243         0.05257548372111337
680.6451612903226         0.05270444782099907
677.0053475935828         0.052725668931631484
673.4042553191488         0.05261012078228021
669.8412698412698         0.05232510294955737
666.315789473684          0.05183700752072798
662.8272251308899         0.05111530268439948
659.3749999999999         0.050137314273365964
655.9585492227978         0.048893003654973725
652.5773195876288         0.04738867278334025
649.2307692307692         0.0456485535618383
645.9183673469387         0.043713652826730655
642.6395939086294         0.04163793583282428
639.3939393939393         0.03948266997002435
636.180904522613          0.0373102051718473
632.9999999999999         0.035178468671057755
629.8507462686566         0.03313705973395146
626.7326732673266         0.03122526850821627
623.6453201970443         0.029471849787933862
620.5882352941176         0.02789609360391065
617.560975609756          0.026509662180998032
614.5631067961165         0.02531874110108609
611.5942028985506         0.02432619803467597
608.6538461538461         0.0235335924967295
605.7416267942583         0.022943003513818262
602.8571428571428         0.022558733052539606
599.9999999999999         0.022389010808573216
597.1698113207547         0.02244788710907895
594.3661971830985         0.022757576436111326
591.5887850467288         0.023351632604719133
588.8372093023255         0.024279541491727667
586.1111111111111         0.02561368565093695
583.4101382488478         0.02746031681534105
580.7339449541283         0.029977475127664875
578.0821917808219         0.033405385518286
575.4545454545454         0.03812026903544323
572.8506787330316         0.044734437625092056
570.2702702702702         0.054293618446780476
567.7130044843049         0.06869358210028936
565.1785714285713         0.09163365612493354
562.6666666666666         0.13100737243520666
560.1769911504424         0.2054333796277358
557.7092511013215         0.36174711898017786
555.2631578947368         0.6832853564925119
552.8384279475981         0.9139383540780409
550.4347826086956         0.5652395666227039
548.051948051948          0.2792458001897736
545.6896551724137         0.15155128263302903
543.3476394849785         0.09205985481531424
541.025641025641          0.06103205616677599
538.7234042553191         0.043204874125468855
536.4406779661016         0.03216213174936306
534.1772151898733         0.024911975993275152
531.9327731092436         0.01992953416024171
529.7071129707113         0.016378835694459356
527.4999999999999         0.013773419712461437
