791.2499999999999         0.42754372741696994
786.3354037267079         0.43589910125789755
781.4814814814814         0.4427064373734733
776.6871165644171         0.4477367115797827
771.951219512195          0.45080179342884885
767.2727272727273         0.45176566852093025
762.6506024096384         0.45055248244596624
758.0838323353291         0.4471505023532375
753.5714285714284         0.44161161184295555
749.1124260355028         0.43404653445934993
744.705882352941          0.4246165016231019
740.3508771929824         0.4135224444827448
736.0465116279069         0.400992944683399
731.7919075144507         0.38727212962935276
727.5862068965516         0.37260849064470203
723.4285714285713         0.35724530734977794
719.3181818181816         0.34141304856229204
715.2542372881354         0.3253238429564748
711.2359550561796         0.30916790241408065
707.262569832402          0.2931116464683437
703.3333333333333         0.277297210616924
699.4475138121546         0.2618430091389396
695.6043956043954         0.246845046626333
691.8032786885245         0.23237871570101248
688.0434782608695         0.21850086902379504
684.3243243243243         0.20525200350091133
680.6451612903226         0.19265843890012643
677.0053475935828         0.1807344099166373
673.4042553191488         0.16948401979494804
669.8412698412698         0.15890302561997716
666.315789473684          0.14898044144790035
662.8272251308899         0.13969995675621016
659.3749999999999         0.13104117535470022
655.9585492227978         0.12298068483690903
652.5773195876288         0.1154929696084018
649.2307692307692         0.10855118206379566
645.9183673469387         0.10212778703131956
642.6395939086294         0.09619509447244187
639.3939393939393         0.09072569485276222
636.180904522613          0.08569281075539713
632.9999999999999         0.08107057732013488
629.8507462686566         0.07683426304879967
626.7326732673266         0.07296044148960604
623.6453201970443         0.06942712334912543
620.5882352941176         0.06621385771721434
617.560975609756          0.06330181035641262
614.5631067961165         0.06067382642831849
611.5942028985506         0.05831448463012379
608.6538461538461         0.05621014952303546
605.7416267942583         0.0543490288888006
602.8571428571428         0.052721243300974316
599.9999999999999         0.05131891581600954
597.1698113207547         0.05013629087794378
594.3661971830985         0.04916989333617222
591.5887850467288         0.048418741110570616
588.8372093023255         0.04788462880939301
586.1111111111111         0.047572504963835686
583.4101382488478         0.04749097315151073
580.7339449541283         0.047652958129952704
578.0821917808219         0.04807659367933318
575.4545454545454         0.048786411431468855
572.8506787330316         0.049814943041381156
570.2702702702702         0.05120489710717757
567.7130044843049         0.05301214591622994
565.1785714285713         0.05530986924635139
562.6666666666666         0.05819437552543322
560.1769911504424         0.06179339133722904
557.7092511013215         0.06627803881108878
555.2631578947368         0.07188040545278403
552.8384279475981         0.07891971049868293
550.4347826086956         0.08784182435095467
548.051948051948          0.0992796042896826
545.6896551724137         0.1141453154664413
543.3476394849785         0.13377026147748566
541.025641025641          0.16010431883966555
538.7234042553191         0.195952960010687
536.4406779661016         0.2450667617954916
534.1772151898733         0.31132219343474143
531.9327731092436         0.3947221251313091
529.7071129707113         0.4806729147761872
527.4999999999999         0.529374051567056
