791.2499999999999         0.47308044069722394
786.3354037267079         0.47378875892714173
781.4814814814814         0.47506830133199407
776.6871165644171         0.4770398503080449
771.951219512195          0.4798275744978061
767.2727272727273         0.4835574019421557
762.6506024096384         0.4883556439061584
758.0838323353291         0.4943477078370306
753.5714285714284         0.5016566688051884
749.1124260355028         0.5104014013484517
744.705882352941          0.5206939058000385
740.3508771929824         0.532635395079048
736.0465116279069         0.5463106450617317
731.7919075144507         0.5617800690106494
727.5862068965516         0.579068983768643
723.4285714285713         0.5981536425066406
719.3181818181816         0.6189438900791359
715.2542372881354         0.6412628483886932
711.2359550561796         0.6648249594934565
707.262569832402          0.6892150581221096
703.3333333333333         0.7138728363637314
699.4475138121546         0.738088773874275
695.6043956043954         0.7610186529834573
691.8032786885245         0.7817231427976504
688.0434782608695         0.7992355783883902
684.3243243243243         0.8126545858166919
680.6451612903226         0.8212496874072923
677.0053475935828         0.8245603689336901
673.4042553191488         0.8224661891423241
669.8412698412698         0.815210115594094
666.315789473684          0.8033688059588497
662.8272251308899         0.7877777262328527
659.3749999999999         0.7694299776790798
655.9585492227978         0.7493714760013316
652.5773195876288         0.7286114847836169
649.2307692307692         0.7080594476713225
645.9183673469387         0.6884905075011649
642.6395939086294         0.6705358216367528
639.3939393939393         0.6546906859288516
636.180904522613          0.6413330396760738
632.9999999999999         0.6307460327670886
629.8507462686566         0.6231399566194712
626.7326732673266         0.6186702852136079
623.6453201970443         0.6174495065141989
620.5882352941176         0.6195507549732847
617.560975609756          0.6250010255856603
614.5631067961165         0.6337610944628329
611.5942028985506         0.6456884644199137
608.6538461538461         0.6604792684944076
605.7416267942583         0.6775862496578341
602.8571428571428         0.6961147468030808
599.9999999999999         0.7147100332836942
597.1698113207547         0.7314700275276356
594.3661971830985         0.7439455552316205
591.5887850467288         0.749312237766572
588.8372093023255         0.7447823726124185
586.1111111111111         0.7282358622489925
583.4101382488478         0.6988924373386134
580.7339449541283         0.657720757841767
578.0821917808219         0.6073297879235824
575.4545454545454         0.5513447039414069
572.8506787330316         0.4935518927881068
570.2702702702702         0.4371770328392062
567.7130044843049         0.3845082038082052
565.1785714285713         0.336859442105617
562.6666666666666         0.29474454740052825
560.1769911504424         0.2581215632445644
557.7092511013215         0.2266181938711299
555.2631578947368         0.19970174226452844
552.8384279475981         0.17679087510056143
550.4347826086956         0.15732088798628385
548.051948051948          0.14077683888136
545.6896551724137         0.12670663317062048
543.3476394849785         0.11472267919863473
541.025641025641          0.10449767858028346
538.7234042553191         0.09575788616071257
536.4406779661016         0.0882757054492791
534.1772151898733         0.08186258132434969
531.9327731092436         0.07636262516537676
529.7071129707113         0.07164711691221119
527.4999999999999         0.06760987856724548
