791.2499999999999         0.6602271334433683
786.3354037267079         0.5322574261439174
781.4814814814814         0.41386984463303556
776.6871165644171         0.32037217383166133
771.951219512195          0.2520360550598676
767.2727272727273         0.2037499389247699
762.6506024096384         0.17015562311624863
758.0838323353291         0.1471452139248716
753.5714285714284         0.13193301317989017
749.1124260355028         0.12279567159176501
744.705882352941          0.1188441347723342
740.3508771929824         0.11992662005114366
736.0465116279069         0.12671309961500415
731.7919075144507         0.14106788046374083
727.5862068965516         0.16698903112429034
723.4285714285713         0.21278570795631593
719.3181818181816         0.2956273789486724
715.2542372881354         0.4447594137212255
711.2359550561796         0.6437430035144429
707.262569832402          0.628141501754646
703.3333333333333         0.372424961313884
699.4475138121546         0.19356245742452396
695.6043956043954         0.10677524392967369
691.8032786885245         0.06413901564301829
688.0434782608695         0.04147313486730188
684.3243243243243         0.0284585056387864
680.6451612903226         0.020488442055212105
677.0053475935828         0.015345300783556524
673.4042553191488         0.011881945081220978
669.8412698412698         0.00946686234263176
666.315789473684          0.007733562269639715
662.8272251308899         0.006459652849825449
659.3749999999999         0.0055049760086116045
655.9585492227978         0.004778307143357463
652.5773195876288         0.00421862235563326
649.2307692307692         0.0037841498955093152
645.9183673469387         0.0034457556844488296
642.6395939086294         0.003182831990745693
639.3939393939393         0.0029806806801998195
636.180904522613          0.0028288171714205847
632.9999999999999         0.002719859606164646
629.8507462686566         0.00264880314516126
626.7326732673266         0.0026125591145174086
623.6453201970443         0.0026096880062072164
620.5882352941176         0.0026402879669038355
617.560975609756          0.0027060246916418853
614.5631067961165         0.0028103102809060414
611.5942028985506         0.0029586626405824386
608.6538461538461         0.0031593093953193848
605.7416267942583         0.003424150190397184
602.8571428571428         0.0037702747734042405
599.9999999999999         0.004222382079924998
597.1698113207547         0.004816719618054568
594.3661971830985         0.005607694081047724
591.5887850467288         0.006679387035691633
588.8372093023255         0.008166541071063224
586.1111111111111         0.010294935845466016
583.4101382488478         0.013464344527188357
580.7339449541283         0.01843333300956015
578.0821917808219         0.026774983424826076
575.4545454545454         0.04215805945608121
572.8506787330316         0.074628332484068
570.2702702702702         0.1585198150354432
567.7130044843049         0.4412740730332813
565.1785714285713         0.9937832841200581
562.6666666666666         0.4561806595924851
560.1769911504424         0.18393756801798147
557.7092511013215         0.09688224880863834
555.2631578947368         0.06090787068890808
552.8384279475981         0.04291232188844121
550.4347826086956         0.032703678236604604
548.051948051948          0.026400302261073223
545.6896551724137         0.022276531695163342
543.3476394849785         0.019473136308437188
541.025641025641          0.01752423133887948
538.7234042553191         0.01616013997425348
536.4406779661016         0.01521667607211741
534.1772151898733         0.014589962476881265
531.9327731092436         0.014212437160428575
529.7071129707113         0.014039427270261567
527.4999999999999         0.014041318620924491
