791.2499999999999         0.5763431037706025
786.3354037267079         0.5581170088762119
781.4814814814814         0.5447127553357115
776.6871165644171         0.5350552972130208
771.951219512195          0.5280956489020744
767.2727272727273         0.5228401798597722
762.6506024096384         0.5183882109109743
758.0838323353291         0.513983417035055
753.5714285714284         0.5090722222257911
749.1124260355028         0.5033538247818177
744.705882352941          0.49680471032567497
740.3508771929824         0.48966704544778955
736.0465116279069         0.48240258192619473
731.7919075144507         0.4756254745741379
727.5862068965516         0.4700329297346171
723.4285714285713         0.46635018623573393
719.3181818181816         0.4652987341610263
715.2542372881354         0.4675882233733535
711.2359550561796         0.4739260578122853
707.262569832402          0.48503443380472755
703.3333333333333         0.5016606708627142
699.4475138121546         0.5245600638589836
695.6043956043954         0.5544177430103452
691.8032786885245         0.5916548502386282
688.0434782608695         0.6360389133676698
684.3243243243243         0.6860149234088891
680.6451612903226         0.7377701720327825
677.0053475935828         0.78438073488011
673.4042553191488         0.815996673278921
669.8412698412698         0.8223339106850106
666.315789473684          0.7974039732361867
662.8272251308899         0.7434293093366713
659.3749999999999         0.6701430633818669
655.9585492227978         0.5898510610884136
652.5773195876288         0.5125474555864171
649.2307692307692         0.44400431622111725
645.9183673469387         0.38636503655632903
642.6395939086294         0.33956410567183865
639.3939393939393         0.30253237666099064
636.180904522613          0.2739346279357621
632.9999999999999         0.25253823446212614
629.8507462686566         0.2373676960245206
626.7326732673266         0.22775901333660134
623.6453201970443         0.22338181213193714
620.5882352941176         0.22426805886749315
617.560975609756          0.23087298573000528
614.5631067961165         0.24419058065168103
611.5942028985506         0.2659441351796728
608.6538461538461         0.29884807374937783
605.7416267942583         0.3468032007856446
602.8571428571428         0.41433882879735745
599.9999999999999         0.5028452576737236
597.1698113207547         0.5980101391517798
594.3661971830985         0.6506558890658908
591.5887850467288         0.6010036405011291
588.8372093023255         0.4671654028774201
586.1111111111111         0.3269736824149072
583.4101382488478         0.2217416691698851
580.7339449541283         0.15185292323287403
578.0821917808219         0.10672083350022803
575.4545454545454         0.07727465538155065
572.8506787330316         0.057599976090306496
570.2702702702702         0.04409321225201119
567.7130044843049         0.03457282745181081
565.1785714285713         0.027697490976578573
562.6666666666666         0.022623134335998767
560.1769911504424         0.018805127168272012
557.7092511013215         0.01588332564269146
555.2631578947368         0.01361403684965335
552.8384279475981         0.011828841118694628
550.4347826086956         0.010409085142270102
548.051948051948          0.009269720874554905
545.6896551724137         0.008348844632302425
543.3476394849785         0.007600790123089581
541.025641025641          0.00699148443282599
538.7234042553191         0.006495274174669457
536.4406779661016         0.006092725308689089
534.1772151898733         0.005769080057693721
531.9327731092436         0.005513165823422078
529.7071129707113         0.005316621494664624
527.4999999999999         0.005173352067801486
