791.2499999999999         0.46653812789798327
786.3354037267079         0.35772964253409156
781.4814814814814         0.2631657410102547
776.6871165644171         0.19280410372148896
771.951219512195          0.14339730199435707
767.2727272727273         0.10910113943863588
762.6506024096384         0.08507834793707575
758.0838323353291         0.06796190367107144
753.5714285714284         0.05552852815600543
749.1124260355028         0.04632458052924115
744.705882352941          0.03939228900099379
740.3508771929824         0.034091107579087315
736.0465116279069         0.02998509280359327
731.7919075144507         0.026772230245394345
727.5862068965516         0.0242397225949251
723.4285714285713         0.022235310518735195
719.3181818181816         0.020648580831256258
715.2542372881354         0.019398581418242133
711.2359550561796         0.018425481993254333
707.262569832402          0.01768487326518167
703.3333333333333         0.017143814808696676
699.4475138121546         0.016778059811714093
695.6043956043954         0.016570082612108697
691.8032786885245         0.01650765940169648
688.0434782608695         0.016582831463570827
684.3243243243243         0.01679113046332339
680.6451612903226         0.01713097670007578
677.0053475935828         0.017603179992808318
673.4042553191488         0.01821048287274877
669.8412698412698         0.01895708951818101
666.315789473684          0.01984812337546736
662.8272251308899         0.020888953662754485
659.3749999999999         0.02208432858565059
655.9585492227978         0.023437254988553632
652.5773195876288         0.024947576003377825
649.2307692307692         0.02661022773838086
645.9183673469387         0.0284132122157628
642.6395939086294         0.03033541459495142
639.3939393939393         0.03234452003741568
636.180904522613          0.03439543702873889
632.9999999999999         0.03642977384030532
629.8507462686566         0.038376979127968676
626.7326732673266         0.040157663288112586
623.6453201970443         0.041689294042543824
620.5882352941176         0.042893904738081065
617.560975609756          0.043706782332657144
614.5631067961165         0.044084550591293216
611.5942028985506         0.04401090738451554
608.6538461538461         0.0434986751206521
605.7416267942583         0.04258770190620491
602.8571428571428         0.041339192398717785
599.9999999999999         0.039827855048098236
597.1698113207547         0.03813355862528648
594.3661971830985         0.03633397460675171
591.5887850467288         0.0344991317805814
588.8372093023255         0.032688186268902214
586.1111111111111         0.030948216121152842
583.4101382488478         0.029314570908624882
580.7339449541283         0.027812229342823253
578.0821917808219         0.02645767653468623
575.4545454545454         0.02526093529629533
572.8506787330316         0.024227519158290814
570.2702702702702         0.023360188803916604
567.7130044843049         0.022660478063557008
565.1785714285713         0.02213001198175838
562.6666666666666         0.021771674724353374
560.1769911504424         0.021590707674318595
557.7092511013215         0.021595836108834573
555.2631578947368         0.021800543974837692
552.8384279475981         0.022224648406637085
550.4347826086956         0.022896378652912063
548.051948051948          0.023855252665402518
545.6896551724137         0.02515619294354422
543.3476394849785         0.02687557371078002
541.025641025641          0.02912032121906241
538.7234042553191         0.032041942609954334
536.4406779661016         0.03585871609157578
534.1772151898733         0.04089179433029596
531.9327731092436         0.047625802556781054
529.7071129707113         0.056814087257334944
527.4999999999999         0.06966836244180191
