791.2499999999999         0.013840871987460335
786.3354037267079         0.014522807971377434
781.4814814814814         0.01536777108246263
776.6871165644171         0.016396054213756676
771.951219512195          0.0176321556318208
767.2727272727273         0.019104794136117625
762.6506024096384         0.020846586675277258
758.0838323353291         0.02289313756630127
753.5714285714284         0.025281205417472676
749.1124260355028         0.028045556482452213
744.705882352941          0.03121414823383387
740.3508771929824         0.03480152386311495
736.0465116279069         0.03880086875887337
731.7919075144507         0.04317615186205389
727.5862068965516         0.04785698063395599
723.4285714285713         0.05273964938606653
719.3181818181816         0.05769739438423008
715.2542372881354         0.06260033625664962
711.2359550561796         0.06734146250118345
707.262569832402          0.07186142730396036
703.3333333333333         0.07616453340058102
699.4475138121546         0.08032175548503835
695.6043956043954         0.08446192584651765
691.8032786885245         0.08875592232644743
688.0434782608695         0.09339905999193764
684.3243243243243         0.09859442230360348
680.6451612903226         0.10453621223841536
677.0053475935828         0.1113886004228796
673.4042553191488         0.11925249865248412
669.8412698412698         0.12811086376474326
666.315789473684          0.13774513297773472
662.8272251308899         0.1476276494919906
659.3749999999999         0.15682679043888645
655.9585492227978         0.1640128137565716
652.5773195876288         0.1676833626482593
649.2307692307692         0.16664620595744725
645.9183673469387         0.1605640494427025
642.6395939086294         0.15018211060118
639.3939393939393         0.1370309042331955
636.180904522613          0.12282202081491415
632.9999999999999         0.10894395576292502
629.8507462686566         0.09626524936628826
626.7326732673266         0.08518538185579874
623.6453201970443         0.07578382213455179
620.5882352941176         0.0679635382340117
617.560975609756          0.061551904778119414
614.5631067961165         0.05635978829737402
611.5942028985506         0.052211295920841665
608.6538461538461         0.04895618252542385
605.7416267942583         0.04647322543049844
602.8571428571428         0.04466952079545415
599.9999999999999         0.04347840078457763
597.1698113207547         0.04285735651948053
594.3661971830985         0.042786660759585
591.5887850467288         0.04326906438072192
588.8372093023255         0.044330834449325375
586.1111111111111         0.0460244225321707
583.4101382488478         0.04843315801149606
580.7339449541283         0.05167853485524032
578.0821917808219         0.05593088973439179
575.4545454545454         0.06142452300771854
572.8506787330316         0.06847848685838334
570.2702702702702         0.07752405312592049
567.7130044843049         0.08913848648276074
565.1785714285713         0.1040802855148772
562.6666666666666         0.12330933324991832
560.1769911504424         0.14794849433920915
557.7092511013215         0.17909079984933898
555.2631578947368         0.21728326610938145
552.8384279475981         0.2615101642196793
550.4347826086956         0.3078339026077061
548.051948051948          0.34883977903039726
545.6896551724137         0.375837004921343
543.3476394849785         0.38373125617388426
541.025641025641          0.37424275518375005
538.7234042553191         0.3540149962406711
536.4406779661016         0.33025817043281486
534.1772151898733         0.3080983993600588
531.9327731092436         0.29033177007882877
529.7071129707113         0.27823039517483067
527.4999999999999         0.2723815254806479
