791.2499999999999         0.027608146100080676
786.3354037267079         0.028591542102012535
781.4814814814814         0.029440638427275238
776.6871165644171         0.030059894553945435
771.951219512195          0.030362016310267963
767.2727272727273         0.030286189284044397
762.6506024096384         0.02981348660327521
758.0838323353291         0.028972777662838237
753.5714285714284         0.027834094985672058
749.1124260355028         0.026492269129801172
744.705882352941          0.02504764292218462
740.3508771929824         0.02359043479006315
736.0465116279069         0.02219200523311433
731.7919075144507         0.020902746159205315
727.5862068965516         0.01975440218426603
723.4285714285713         0.01876442491622727
719.3181818181816         0.017940646200665357
715.2542372881354         0.01728538399703565
711.2359550561796         0.016798707287589372
707.262569832402          0.01648093012589795
703.3333333333333         0.01633455365131254
699.4475138121546         0.016365919502638073
695.6043956043954         0.016586846404476312
691.8032786885245         0.017016536880695186
688.0434782608695         0.017684092496959753
684.3243243243243         0.01863209278471043
680.6451612903226         0.01992191830273057
677.0053475935828         0.02164191008726656
673.4042553191488         0.023920204934347686
669.8412698412698         0.0269454603509467
666.315789473684          0.031001267414813235
662.8272251308899         0.03652502227362169
659.3749999999999         0.04421174879199583
655.9585492227978         0.0552022510583403
652.5773195876288         0.07142901442425761
649.2307692307692         0.09623518365151225
645.9183673469387         0.13530112468435523
642.6395939086294         0.19684112122638286
639.3939393939393         0.2843597582320172
636.180904522613          0.3660470797576037
632.9999999999999         0.36622689302912104
629.8507462686566         0.2865196052994142
626.7326732673266         0.20153028442555784
623.6453201970443         0.14137858251315005
620.5882352941176         0.10278117731770538
617.560975609756          0.0780102421155853
614.5631067961165         0.06166501366960486
611.5942028985506         0.05053031029192941
608.6538461538461         0.04272794187402497
605.7416267942583         0.03713915264664963
602.8571428571428         0.03307751373752031
599.9999999999999         0.030108961464301184
597.1698113207547         0.027951447302968117
594.3661971830985         0.02641738706078722
591.5887850467288         0.025379474599241926
588.8372093023255         0.02474946413806649
586.1111111111111         0.024464159987188004
583.4101382488478         0.024475243320390364
580.7339449541283         0.02474082770982482
578.0821917808219         0.025217381759285153
575.4545454545454         0.025851308007812986
572.8506787330316         0.02657040288258752
570.2702702702702         0.02727696726089125
567.7130044843049         0.027846440398529283
565.1785714285713         0.02813698340856544
562.6666666666666         0.0280138384074497
560.1769911504424         0.027385024525017083
557.7092511013215         0.026234173562157063
555.2631578947368         0.024631547711922528
552.8384279475981         0.022714235668308668
550.4347826086956         0.020645571889880785
548.051948051948          0.01857485629791696
545.6896551724137         0.01661312096956953
543.3476394849785         0.014827547643926126
541.025641025641          0.013248165062188184
538.7234042553191         0.011879023099079728
536.4406779661016         0.010708747061515712
534.1772151898733         0.009718442338283798
531.9327731092436         0.008886806921826845
529.7071129707113         0.008193061526643466
527.4999999999999         0.007618416658238309
