791.2499999999999         0.014218367691369372
786.3354037267079         0.015496962166133065
781.4814814814814         0.017041260048712564
776.6871165644171         0.01891096879364017
771.951219512195          0.02118248079436662
767.2727272727273         0.023953809499310984
762.6506024096384         0.027350960775920485
758.0838323353291         0.03153602550351216
753.5714285714284         0.036717190126224555
749.1124260355028         0.04316059168419107
744.705882352941          0.05120334395916734
740.3508771929824         0.061265933902921725
736.0465116279069         0.07386036722528293
731.7919075144507         0.08958805911491807
727.5862068965516         0.10911951509762029
723.4285714285713         0.1331489857086169
719.3181818181816         0.16232600587890553
715.2542372881354         0.19718576117923112
711.2359550561796         0.23812703399592916
707.262569832402          0.2854991944097339
703.3333333333333         0.3398271298917032
699.4475138121546         0.4021114680356622
695.6043956043954         0.4740089605657533
691.8032786885245         0.5575208362450612
688.0434782608695         0.6534964047708689
684.3243243243243         0.757772139305341
680.6451612903226         0.8542124199744525
677.0053475935828         0.9094688127391584
673.4042553191488         0.8859525669395706
669.8412698412698         0.7781715641602809
666.315789473684          0.6259105602745229
662.8272251308899         0.47718108599001136
659.3749999999999         0.3564326035671608
655.9585492227978         0.2667235096819613
652.5773195876288         0.20238713801763042
649.2307692307692         0.1565839152024947
645.9183673469387         0.12376851096018267
642.6395939086294         0.09996872552898524
639.3939393939393         0.08246317220088481
636.180904522613          0.06941014771138194
632.9999999999999         0.05956054786720992
629.8507462686566         0.052060028546417045
626.7326732673266         0.04631826368215437
623.6453201970443         0.04192370851906468
620.5882352941176         0.03858814534052343
617.560975609756          0.03611059941255078
614.5631067961165         0.03435400788232793
611.5942028985506         0.03323055430801015
608.6538461538461         0.03269326523479132
605.7416267942583         0.032732657443698084
602.8571428571428         0.033378209102006194
599.9999999999999         0.034705474696852465
597.1698113207547         0.03685112149486833
594.3661971830985         0.040040629222217836
591.5887850467288         0.04463804591646928
588.8372093023255         0.05123654390178434
586.1111111111111         0.06082800794700184
583.4101382488478         0.0751306177050736
580.7339449541283         0.09723115963715338
578.0821917808219         0.1327772941817828
575.4545454545454         0.19143158232744714
572.8506787330316         0.2828352975503329
570.2702702702702         0.37962819698207245
567.7130044843049         0.3740151065198636
565.1785714285713         0.26391438350858926
562.6666666666666         0.16421026217677182
560.1769911504424         0.10358534986463928
557.7092511013215         0.06885207978701179
555.2631578947368         0.048302952229799384
552.8384279475981         0.035522682873483154
550.4347826086956         0.0271838334041185
548.051948051948          0.021512781522297145
545.6896551724137         0.017520226422665007
543.3476394849785         0.014628212546776424
541.025641025641          0.012484511021597842
538.7234042553191         0.010866338604118191
536.4406779661016         0.00962821524375125
534.1772151898733         0.008672557382793407
531.9327731092436         0.007932477069719678
529.7071129707113         0.007361395039048985
527.4999999999999         0.006926600014004324
