791.2499999999999         0.3570236538855802
786.3354037267079         0.32765891733389546
781.4814814814814         0.29185110636898276
776.6871165644171         0.258847281913333
771.951219512195          0.23214657747429662
767.2727272727273         0.21221283882316372
762.6506024096384         0.19844619368203784
758.0838323353291         0.1900976636079644
753.5714285714284         0.18660198940851472
749.1124260355028         0.18767204571282914
744.705882352941          0.19331301301016277
740.3508771929824         0.20381094254644327
736.0465116279069         0.21969443200683716
731.7919075144507         0.24161848104857886
727.5862068965516         0.27004473651805516
723.4285714285713         0.30448569170548584
719.3181818181816         0.34206040162959234
715.2542372881354         0.375665673443233
711.2359550561796         0.39389783536382766
707.262569832402          0.3862544000244364
703.3333333333333         0.35183459663494937
699.4475138121546         0.3010951080982383
695.6043956043954         0.24749533417807054
691.8032786885245         0.19976468339181488
688.0434782608695         0.16092450887981075
684.3243243243243         0.13067552562307752
680.6451612903226         0.10752900145720497
677.0053475935828         0.08987707375317491
673.4042553191488         0.07636381414125713
669.8412698412698         0.06594668653510796
666.315789473684          0.05785445379886917
662.8272251308899         0.051524863412116824
659.3749999999999         0.04654927217515448
655.9585492227978         0.042629984597260855
652.5773195876288         0.039549222144389315
649.2307692307692         0.037147105900375545
645.9183673469387         0.035306193333094864
642.6395939086294         0.0339406621148422
639.3939393939393         0.03298876894838563
636.180904522613          0.032407630759812595
632.9999999999999         0.03216968035537416
629.8507462686566         0.032260364069558047
626.7326732673266         0.03267680113700512
623.6453201970443         0.03342723438317196
620.5882352941176         0.03453118478880275
617.560975609756          0.03602028974309569
614.5631067961165         0.037939864572460714
611.5942028985506         0.040351285313058885
608.6538461538461         0.04333535197586881
605.7416267942583         0.046996857649332785
602.8571428571428         0.05147065712555218
599.9999999999999         0.05692958709072648
597.1698113207547         0.06359460503594129
594.3661971830985         0.07174740780253731
591.5887850467288         0.08174539174542864
588.8372093023255         0.09403776647536949
586.1111111111111         0.10917921818837639
583.4101382488478         0.12783240362385037
580.7339449541283         0.15074054022817795
578.0821917808219         0.17863373435900956
575.4545454545454         0.21200730110285346
572.8506787330316         0.25069041022332383
570.2702702702702         0.29316008338988725
567.7130044843049         0.33575862064620243
565.1785714285713         0.37241904194754816
562.6666666666666         0.3958672632755922
560.1769911504424         0.4005773280088951
557.7092511013215         0.38574075405187186
555.2631578947368         0.3556142134176184
552.8384279475981         0.3169739624476788
550.4347826086956         0.27608502723891853
548.051948051948          0.23716093682342884
545.6896551724137         0.20233744590413374
543.3476394849785         0.1722993713590185
541.025641025641          0.14692482295686474
538.7234042553191         0.12573020222776593
536.4406779661016         0.10812205528391407
534.1772151898733         0.0935199760557225
531.9327731092436         0.08140698131196995
529.7071129707113         0.07134345125233504
527.4999999999999         0.06296463894677488
