791.2499999999999         0.14722417594557058
786.3354037267079         0.14349199624651884
781.4814814814814         0.1423854330903479
776.6871165644171         0.1438858280234775
771.951219512195          0.14814485821492515
767.2727272727273         0.15550687481099448
762.6506024096384         0.1665536328757049
758.0838323353291         0.18217541855945285
753.5714285714284         0.20366887725764263
749.1124260355028         0.23284229679325927
744.705882352941          0.27204109766185525
740.3508771929824         0.3238073267258817
736.0465116279069         0.38941210956561606
731.7919075144507         0.4648388589943862
727.5862068965516         0.5338954737550561
723.4285714285713         0.5664837758521734
719.3181818181816         0.5387920610349917
715.2542372881354         0.4612867652454901
711.2359550561796         0.3680466463954628
707.262569832402          0.28469278534519404
703.3333333333333         0.2195179448127972
699.4475138121546         0.17127800950363678
695.6043956043954         0.13612736426694338
691.8032786885245         0.11044194256404406
688.0434782608695         0.0914700693129681
684.3243243243243         0.07726831423451559
680.6451612903226         0.06649506553950127
677.0053475935828         0.05822602953167329
673.4042553191488         0.05181992236582522
669.8412698412698         0.04682714341993314
666.315789473684          0.042929092791165045
662.8272251308899         0.03989803154119931
659.3749999999999         0.03757044726988102
655.9585492227978         0.035829298661302786
652.5773195876288         0.034592166856506366
649.2307692307692         0.033803425081333015
645.9183673469387         0.03342924209378698
642.6395939086294         0.0334547015684966
639.3939393939393         0.03388264553353533
636.180904522613          0.03473410265961495
632.9999999999999         0.036050393256975816
629.8507462686566         0.03789726103262953
626.7326732673266         0.04037172641675148
623.6453201970443         0.0436128765284955
620.5882352941176         0.04781865306889573
617.560975609756          0.05327214337322551
614.5631067961165         0.06038343194038356
611.5942028985506         0.06975771369892149
608.6538461538461         0.08230903020043677
605.7416267942583         0.09945541233484913
602.8571428571428         0.12346231700260801
599.9999999999999         0.15805726521830418
597.1698113207547         0.2095189252148122
594.3661971830985         0.2884313075078263
591.5887850467288         0.41136546491446047
588.8372093023255         0.5959743871368773
586.1111111111111         0.8242574804634059
583.4101382488478         0.9671023096329184
580.7339449541283         0.8849029312395699
578.0821917808219         0.6737078621894979
575.4545454545454         0.4821877156768938
572.8506787330316         0.3483042397692857
570.2702702702702         0.26010862307795934
567.7130044843049         0.20158372587240694
565.1785714285713         0.1616861369672051
562.6666666666666         0.1336496899768788
560.1769911504424         0.1133831959134177
557.7092511013215         0.09836737923546014
555.2631578947368         0.08700717887633602
552.8384279475981         0.0782622330782486
550.4347826086956         0.07143409162954996
548.051948051948          0.06604091552922889
545.6896551724137         0.061741735938359486
543.3476394849785         0.05828945437874423
541.025641025641          0.055500960417753556
538.7234042553191         0.05323772826143359
536.4406779661016         0.05139300684483653
534.1772151898733         0.04988327035549004
531.9327731092436         0.048642488381881295
529.7071129707113         0.04761829587789878
527.4999999999999         0.0467694515468736
