791.2499999999999         0.03148957921628033
786.3354037267079         0.03379586962701856
781.4814814814814         0.03662704610028959
776.6871165644171         0.040110707640578135
771.951219512195          0.0444191864021377
767.2727272727273         0.04978839851576473
762.6506024096384         0.056546437996960984
758.0838323353291         0.0651578067324243
753.5714285714284         0.07629321214344403
749.1124260355028         0.09094182459868158
744.705882352941          0.11059457454107453
740.3508771929824         0.13754491614407055
736.0465116279069         0.1753721820676608
731.7919075144507         0.22964971433339793
727.5862068965516         0.3086497771365632
723.4285714285713         0.42250956438161047
719.3181818181816         0.5750228686722052
715.2542372881354         0.7372353130280441
711.2359550561796         0.8232305668392043
707.262569832402          0.7655233466457981
703.3333333333333         0.6171415256224666
699.4475138121546         0.4664861380013493
695.6043956043954         0.3495221927533312
691.8032786885245         0.26623894566777584
688.0434782608695         0.20783023759865246
684.3243243243243         0.16636198699630336
680.6451612903226         0.1362742651963322
677.0053475935828         0.11391295110919471
673.4042553191488         0.0968973559200741
669.8412698412698         0.08365848366738421
666.315789473684          0.0731425118997418
662.8272251308899         0.06462661791500461
659.3749999999999         0.05760471467373965
655.9585492227978         0.05171573253516338
652.5773195876288         0.04669784209252985
649.2307692307692         0.04235867309165673
645.9183673469387         0.03855553755930049
642.6395939086294         0.03518199652602859
639.3939393939393         0.03215849847320332
636.180904522613          0.029425661595359528
632.9999999999999         0.02693929817591591
629.8507462686566         0.024666615732210056
626.7326732673266         0.022583247499972883
623.6453201970443         0.02067090437593157
620.5882352941176         0.01891552535402713
617.560975609756          0.017305849796691055
614.5631067961165         0.015832355218558924
611.5942028985506         0.014486509345053668
608.6538461538461         0.013260283725842448
605.7416267942583         0.01214587423936357
602.8571428571428         0.011135574737015553
599.9999999999999         0.010221754743578705
597.1698113207547         0.009396899826440437
594.3661971830985         0.008653682504757185
591.5887850467288         0.00798504089774197
588.8372093023255         0.007384250596542172
586.1111111111111         0.00684498188317843
583.4101382488478         0.006361339258016413
580.7339449541283         0.005927883426661073
578.0821917808219         0.005539637748490322
575.4545454545454         0.00519208201621653
572.8506787330316         0.004881136643998457
570.2702702702702         0.004603140153583522
567.7130044843049         0.0043548224565566375
565.1785714285713         0.004133275965372001
562.6666666666666         0.0039359261058288545
560.1769911504424         0.003760502391754675
557.7092511013215         0.003605010877472817
555.2631578947368         0.003467708528680266
552.8384279475981         0.003347079842973515
550.4347826086956         0.0032418158988758786
548.051948051948          0.003150795907165343
545.6896551724137         0.0030730712714219124
543.3476394849785         0.003007852127918728
541.025641025641          0.0029544963219025667
538.7234042553191         0.002912500782958845
536.4406779661016         0.002881495283192982
534.1772151898733         0.002861238596311323
531.9327731092436         0.0028516171226631633
529.7071129707113         0.0028526461053621924
527.4999999999999         0.002864473637550501
