791.2499999999999         0.020632693106822513
786.3354037267079         0.019463676747522494
781.4814814814814         0.01849419228960434
776.6871165644171         0.017709597013881473
771.951219512195          0.01709808970380907
767.2727272727273         0.01665110578609955
762.6506024096384         0.01636367256546569
758.0838323353291         0.01623481273450142
753.5714285714284         0.016268083678312815
749.1124260355028         0.016472351286379305
744.705882352941          0.016862924347963302
740.3508771929824         0.017463226423527326
736.0465116279069         0.01830726926906936
731.7919075144507         0.019443338618039378
727.5862068965516         0.020939551475636153
723.4285714285713         0.022892371858001376
719.3181818181816         0.02543992634193436
715.2542372881354         0.028783327769636775
711.2359550561796         0.03322176491296956
707.262569832402          0.039212010997472437
703.3333333333333         0.0474726525260753
699.4475138121546         0.05917267207373411
695.6043956043954         0.07628229448795909
691.8032786885245         0.10223238824360285
688.0434782608695         0.14309530127428605
684.3243243243243         0.20916056323232818
680.6451612903226         0.31350761253139026
677.0053475935828         0.4500669857073458
673.4042553191488         0.536990061423414
669.8412698412698         0.48228055081200055
666.315789473684          0.3573763626211068
662.8272251308899         0.25245035168228236
659.3749999999999         0.1827145192855753
655.9585492227978         0.13824065678214284
652.5773195876288         0.10944137432008035
649.2307692307692         0.09028554018576325
645.9183673469387         0.07724984507610944
642.6395939086294         0.06827299769085396
639.3939393939393         0.06212628574469149
636.180904522613          0.058066982976713796
632.9999999999999         0.055649864841029115
629.8507462686566         0.054625050046859046
626.7326732673266         0.05488487384851349
623.6453201970443         0.05644153557624975
620.5882352941176         0.05942812214993012
617.560975609756          0.06412316180418902
614.5631067961165         0.07100652818089243
611.5942028985506         0.08086593725567726
608.6538461538461         0.0949945201606908
605.7416267942583         0.11556341499507283
602.8571428571428         0.14634491015145745
599.9999999999999         0.19414564834225995
597.1698113207547         0.2715717208287764
594.3661971830985         0.401213269723575
591.5887850467288         0.6128610349503237
588.8372093023255         0.8819543154223624
586.1111111111111         0.9854475787722738
583.4101382488478         0.7862429523710546
580.7339449541283         0.5306354608445623
578.0821917808219         0.35519377715559813
575.4545454545454         0.24923406840658877
572.8506787330316         0.18479793424188315
570.2702702702702         0.1440961710124591
567.7130044843049         0.11736812041233816
565.1785714285713         0.09926705657539879
562.6666666666666         0.08676912201848039
560.1769911504424         0.07810194578375318
557.7092511013215         0.07219708259459363
555.2631578947368         0.0684029432482779
552.8384279475981         0.06633033933299129
550.4347826086956         0.06576872286993449
548.051948051948          0.06664273220012004
545.6896551724137         0.06899420950564451
543.3476394849785         0.07298302786774447
541.025641025641          0.0789047481389777
538.7234042553191         0.08722583887509422
536.4406779661016         0.09863758584230055
534.1772151898733         0.11412432810735541
531.9327731092436         0.13501881404488034
529.7071129707113         0.1629470302976588
527.4999999999999         0.19938558245214774
