791.2499999999999         0.04580773708776638
786.3354037267079         0.044359030266492135
781.4814814814814         0.043054969798413424
776.6871165644171         0.04187224471948131
771.951219512195          0.040790246725755985
767.2727272727273         0.03979078898308793
762.6506024096384         0.038857923043929286
758.0838323353291         0.03797783206709333
753.5714285714284         0.037138778029231496
749.1124260355028         0.036331080100732445
744.705882352941          0.03554710160176054
740.3508771929824         0.03478122461915563
736.0465116279069         0.03402979485391259
731.7919075144507         0.0332910245894666
727.5862068965516         0.032564848382665955
723.4285714285713         0.031852733352068924
719.3181818181816         0.03115745273037721
715.2542372881354         0.030482836654137202
711.2359550561796         0.029833517260891777
707.262569832402          0.02921468577520076
703.3333333333333         0.028631877598057263
699.4475138121546         0.028090798065700858
695.6043956043954         0.02759719732478864
691.8032786885245         0.027156798504420685
688.0434782608695         0.02677527972860983
684.3243243243243         0.026458307948898113
680.6451612903226         0.026211621282060057
677.0053475935828         0.026041156513169753
673.4042553191488         0.025953219548222377
669.8412698412698         0.02595469871741053
666.315789473684          0.026053323818456195
662.8272251308899         0.026257977620567655
659.3749999999999         0.026579071329069386
655.9585492227978         0.027029001517526983
652.5773195876288         0.027622713769656942
649.2307692307692         0.02837840853224038
645.9183673469387         0.02931843867056437
642.6395939086294         0.03047046775006588
639.3939393939393         0.031868985863788016
636.180904522613          0.03355732000605864
632.9999999999999         0.03559033485947069
629.8507462686566         0.03803810712359971
626.7326732673266         0.04099098721196141
623.6453201970443         0.04456665959847774
620.5882352941176         0.048920113168368376
617.560975609756          0.054257889472786605
614.5631067961165         0.060858666069160045
611.5942028985506         0.06910324694623347
608.6538461538461         0.07951843325197867
605.7416267942583         0.09284086996924859
602.8571428571428         0.11010776100350182
599.9999999999999         0.13277734384156234
597.1698113207547         0.16286036142718827
594.3661971830985         0.20296723007006995
591.5887850467288         0.25595291099452977
588.8372093023255         0.32333370473313716
586.1111111111111         0.4010797343501034
583.4101382488478         0.4730854188239844
580.7339449541283         0.5112494373911519
578.0821917808219         0.4955663915840072
575.4545454545454         0.435942291435927
572.8506787330316         0.36037183788665533
570.2702702702702         0.2899620464916099
567.7130044843049         0.2325491765508579
565.1785714285713         0.18826990279028666
562.6666666666666         0.15472751914540522
560.1769911504424         0.12931537595699322
557.7092511013215         0.1099016608336813
555.2631578947368         0.09489739393320501
552.8384279475981         0.08315633242229988
550.4347826086956         0.07385799198713378
548.051948051948          0.06641283473557384
545.6896551724137         0.06039330977247603
543.3476394849785         0.05548565108088114
541.025641025641          0.05145660328645364
538.7234042553191         0.0481304477053633
536.4406779661016         0.04537303585089283
534.1772151898733         0.043080584164080366
531.9327731092436         0.04117172137433167
529.7071129707113         0.039581778578619664
527.4999999999999         0.03825864411014066
