791.2499999999999         0.057864110510525084
786.3354037267079         0.07736591201698943
781.4814814814814         0.10597957422987032
776.6871165644171         0.1490556080500427
771.951219512195          0.21486968197347348
767.2727272727273         0.31315715488430235
762.6506024096384         0.44213394919513654
758.0838323353291         0.5538919888719281
753.5714285714284         0.562153643197105
749.1124260355028         0.46673558854209174
744.705882352941          0.34971815583300087
740.3508771929824         0.25691654254259016
736.0465116279069         0.1922710713551852
731.7919075144507         0.14835766444795565
727.5862068965516         0.1182074528397597
723.4285714285713         0.09707510622314325
719.3181818181816         0.08195319336761693
715.2542372881354         0.07094955317674964
711.2359550561796         0.06285805837001728
707.262569832402          0.056896222369174514
703.3333333333333         0.0525490073378974
699.4475138121546         0.04947569738395031
695.6043956043954         0.04745397440006376
691.8032786885245         0.046346414045246795
688.0434782608695         0.04608109947476884
684.3243243243243         0.04664181486035883
680.6451612903226         0.04806556940814609
677.0053475935828         0.050446752896199105
673.4042553191488         0.05394848297890932
669.8412698412698         0.05882296361851944
666.315789473684          0.0654441060173878
662.8272251308899         0.07435720100318399
659.3749999999999         0.08635122740004833
655.9585492227978         0.10255606158423777
652.5773195876288         0.12454845558361033
649.2307692307692         0.15438585216571538
645.9183673469387         0.19430254090768975
642.6395939086294         0.24540634358778657
639.3939393939393         0.3043845557633583
636.180904522613          0.35893596666465105
632.9999999999999         0.389085551462127
629.8507462686566         0.3821084370461255
626.7326732673266         0.3455118801329564
623.6453201970443         0.29764715287056154
620.5882352941176         0.25222885343793394
617.560975609756          0.21473401477659648
614.5631067961165         0.1857425445425742
611.5942028985506         0.16406732386307876
608.6538461538461         0.14824501120231323
605.7416267942583         0.1370337725133761
602.8571428571428         0.12950815272556446
599.9999999999999         0.12502850216504338
597.1698113207547         0.12318743755169238
594.3661971830985         0.12376482618415537
591.5887850467288         0.1266982566318944
588.8372093023255         0.13206888885434048
586.1111111111111         0.1401014259935498
583.4101382488478         0.1511775461623635
580.7339449541283         0.1658629292452871
578.0821917808219         0.18494805124945096
575.4545454545454         0.2095005635898246
572.8506787330316         0.2409183048153383
570.2702702702702         0.28094693619476596
567.7130044843049         0.3315626214548713
565.1785714285713         0.39447710081839865
562.6666666666666         0.4697658215973644
560.1769911504424         0.552918280807787
557.7092511013215         0.6304685573445934
555.2631578947368         0.6783910940088028
552.8384279475981         0.6723217841684718
550.4347826086956         0.608324368028024
548.051948051948          0.5090338638461229
545.6896551724137         0.40431388335976665
543.3476394849785         0.31282985376422556
541.025641025641          0.24028206113469358
538.7234042553191         0.1853403004864283
536.4406779661016         0.1444742054476857
534.1772151898733         0.1141683900386163
531.9327731092436         0.09158780217320864
529.7071129707113         0.07462165881795603
527.4999999999999         0.06174823673882752
