791.2499999999999         0.8141492479566312
786.3354037267079         0.8291764331464293
781.4814814814814         0.8545028759981109
776.6871165644171         0.8890302237449021
771.951219512195          0.9259421599248077
767.2727272727273         0.949541723934542
762.6506024096384         0.9354023938465609
758.0838323353291         0.8621400140829819
753.5714285714284         0.7326054991066616
749.1124260355028         0.577959409098674
744.705882352941          0.4334163620512017
740.3508771929824         0.3172287635978203
736.0465116279069         0.23122571385460466
731.7919075144507         0.16990596689469478
727.5862068965516         0.12665658503279845
723.4285714285713         0.09604053724660773
719.3181818181816         0.07412852715044986
715.2542372881354         0.05822088415551764
711.2359550561796         0.0464935008609995
707.262569832402          0.03771437634762777
703.3333333333333         0.031044993031955005
699.4475138121546         0.025907961848955843
695.6043956043954         0.02190034602915032
691.8032786885245         0.018737009048393545
688.0434782608695         0.016213369721148507
684.3243243243243         0.014180674516088407
680.6451612903226         0.01252938588141673
677.0053475935828         0.011177881378591967
673.4042553191488         0.010064667073058715
669.8412698412698         0.009142944738507078
666.315789473684          0.008376775406696806
662.8272251308899         0.0077383391613764455
659.3749999999999         0.0072059571133470356
655.9585492227978         0.006762649813509849
652.5773195876288         0.0063950778576028515
649.2307692307692         0.006092758199104
645.9183673469387         0.005847481991441615
642.6395939086294         0.005652881916550457
639.3939393939393         0.005504112344599082
636.180904522613          0.005397616551466103
632.9999999999999         0.005330963089531344
629.8507462686566         0.0053027392800843835
626.7326732673266         0.005312494386917916
623.6453201970443         0.005360728869998784
620.5882352941176         0.005448929632250859
617.560975609756          0.005579654748917781
614.5631067961165         0.005756675214322459
611.5942028985506         0.0059851862442352344
608.6538461538461         0.0062721072869309545
605.7416267942583         0.006626499058445133
602.8571428571428         0.007060139028913162
599.9999999999999         0.007588316006538408
597.1698113207547         0.008230933193566924
594.3661971830985         0.009014052770684084
591.5887850467288         0.009972082563415008
588.8372093023255         0.011150911278151392
586.1111111111111         0.012612467597950936
583.4101382488478         0.014441451328054054
580.7339449541283         0.016755431702316033
578.0821917808219         0.019720246976092728
575.4545454545454         0.02357386524149921
572.8506787330316         0.028663878676933686
570.2702702702702         0.03550697617070275
567.7130044843049         0.044883174893979506
565.1785714285713         0.05798147644812774
562.6666666666666         0.0766068048283106
560.1769911504424         0.10340017083893585
557.7092511013215         0.14178415495170793
555.2631578947368         0.1946350592375468
552.8384279475981         0.25959596589697914
550.4347826086956         0.3212375991815219
548.051948051948          0.3532391667570794
545.6896551724137         0.34323032189354685
543.3476394849785         0.3060105978669014
541.025641025641          0.26287557597144157
538.7234042553191         0.22533950256325933
536.4406779661016         0.19636890143286573
534.1772151898733         0.17538064958211844
531.9327731092436         0.16099298648595908
529.7071129707113         0.15198711482915225
527.4999999999999         0.1475360142399921
