791.2499999999999         0.6820107296033919
786.3354037267079         0.7195322128037329
781.4814814814814         0.7544478796062357
776.6871165644171         0.7880811990608673
771.951219512195          0.8213796996138395
767.2727272727273         0.8541105175483921
762.6506024096384         0.883924265417216
758.0838323353291         0.9054533887450881
753.5714285714284         0.9101050693677774
749.1124260355028         0.8878429366951414
744.705882352941          0.831836319940986
740.3508771929824         0.7439364081853759
736.0465116279069         0.6358406429587206
731.7919075144507         0.5236489298288475
727.5862068965516         0.42054210118656343
723.4285714285713         0.33332734351886617
719.3181818181816         0.26331582174060253
715.2542372881354         0.20876459925989133
711.2359550561796         0.16686626357272122
707.262569832402          0.13482688560980527
703.3333333333333         0.11028359310994758
699.4475138121546         0.09138264763316628
695.6043956043954         0.0767226304959634
691.8032786885245         0.06526239442975981
688.0434782608695         0.05623350966390428
684.3243243243243         0.049069059171773434
680.6451612903226         0.043349556064711775
677.0053475935828         0.038763208947319945
673.4042553191488         0.03507720091566762
669.8412698412698         0.03211708873908089
666.315789473684          0.029752085314328554
662.8272251308899         0.027884590058611766
659.3749999999999         0.026442811773366874
655.9585492227978         0.025375692802189733
652.5773195876288         0.024649619684831186
649.2307692307692         0.024246625583580348
645.9183673469387         0.024163985757203413
642.6395939086294         0.024415315751344997
639.3939393939393         0.025033553022251367
636.180904522613          0.02607661977225251
632.9999999999999         0.027637284827016786
629.8507462686566         0.029860086500155984
626.7326732673266         0.03297084627783268
623.6453201970443         0.03732991316858253
620.5882352941176         0.043532815958545606
617.560975609756          0.052611976805673054
614.5631067961165         0.06647041974111276
611.5942028985506         0.0888943531780266
608.6538461538461         0.12813872707383248
605.7416267942583         0.20397970344960076
602.8571428571428         0.36407368612793706
599.9999999999999         0.6481588033020347
597.1698113207547         0.6684181365590557
594.3661971830985         0.3564021399202715
591.5887850467288         0.1766611155156904
588.8372093023255         0.0977262654501027
586.1111111111111         0.059975767931552626
583.4101382488478         0.03982779118048855
580.7339449541283         0.028064866538990572
578.0821917808219         0.020701758612617197
575.4545454545454         0.01583497881181975
572.8506787330316         0.012476032402471512
570.2702702702702         0.01007520486032265
567.7130044843049         0.008309110080376533
565.1785714285713         0.006978418264320846
562.6666666666666         0.005955355116348022
560.1769911504424         0.005155242429083048
557.7092511013215         0.004520336705322765
555.2631578947368         0.0040102765995566
552.8384279475981         0.0035962368648724164
550.4347826086956         0.0032572400772380677
548.051948051948          0.0029777664522915403
545.6896551724137         0.002746167639689927
543.3476394849785         0.0025535915733309483
541.025641025641          0.002393239862031041
538.7234042553191         0.0022598461960069392
536.4406779661016         0.0021493045218343824
534.1772151898733         0.0020584005423684316
531.9327731092436         0.0019846157107030506
529.7071129707113         0.0019259829137655592
527.4999999999999         0.0018809796008335072
