791.2499999999999         0.008482005698219173
786.3354037267079         0.008758232067163819
781.4814814814814         0.009029843526420363
776.6871165644171         0.009292963990937922
771.951219512195          0.009545684046197895
767.2727272727273         0.009788597942951362
762.6506024096384         0.010025145789284387
758.0838323353291         0.010261737931138546
753.5714285714284         0.010507705358332991
749.1124260355028         0.010775177080072262
744.705882352941          0.01107901893923993
740.3508771929824         0.01143697838937014
736.0465116279069         0.011870179243417118
731.7919075144507         0.012404119206142504
727.5862068965516         0.013070363232949172
723.4285714285713         0.013909222314524829
719.3181818181816         0.014973895644440778
715.2542372881354         0.016336897303192984
711.2359550561796         0.018100209415717865
707.262569832402          0.020411748640899202
703.3333333333333         0.023492903514623204
699.4475138121546         0.0276861258350971
695.6043956043954         0.03353991941096155
691.8032786885245         0.04196489271531353
688.0434782608695         0.05452318989155454
684.3243243243243         0.07394012641045876
680.6451612903226         0.10477892149755438
677.0053475935828         0.15281895398883039
673.4042553191488         0.21540589905151467
669.8412698412698         0.2546722149809637
666.315789473684          0.22491898970028817
662.8272251308899         0.16103065200788197
659.3749999999999         0.10886759641885935
655.9585492227978         0.07520546312638676
652.5773195876288         0.054266107258352625
649.2307692307692         0.040944262564115694
645.9183673469387         0.032157767243799054
642.6395939086294         0.026155241907929998
639.3939393939393         0.02192996790707144
636.180904522613          0.01888513594594218
632.9999999999999         0.016654733296224848
629.8507462686566         0.01500721361530202
626.7326732673266         0.013792347131217905
623.6453201970443         0.012910999075498364
620.5882352941176         0.012297461419452368
617.560975609756          0.011908910150922686
614.5631067961165         0.011719076091659378
611.5942028985506         0.011714533373165808
608.6538461538461         0.011892722441831979
605.7416267942583         0.012261224374921921
602.8571428571428         0.01283803070784839
599.9999999999999         0.013652666202791583
597.1698113207547         0.014748017881252209
594.3661971830985         0.01618252190318199
591.5887850467288         0.018031743876495917
588.8372093023255         0.020386890253893994
586.1111111111111         0.023344568226420472
583.4101382488478         0.02697621513528425
580.7339449541283         0.03125818242923037
578.0821917808219         0.03594560156728892
575.4545454545454         0.040419400363370196
572.8506787330316         0.04366314345541989
570.2702702702702         0.04461936242970721
567.7130044843049         0.04286706340734255
565.1785714285713         0.03896664006611575
562.6666666666666         0.034035479399908676
560.1769911504424         0.029069334957914833
557.7092511013215         0.02463247342660996
555.2631578947368         0.020917034206944532
552.8384279475981         0.017908268287260283
550.4347826086956         0.01550984544580122
548.051948051948          0.013609511367709493
545.6896551724137         0.01210580946648476
543.3476394849785         0.01091562301712362
541.025641025641          0.009973888763487732
538.7234042553191         0.009230799438814994
536.4406779661016         0.008648661926116828
534.1772151898733         0.00819915627893577
531.9327731092436         0.007861163167721525
529.7071129707113         0.007619120605818041
527.4999999999999         0.007461814865657649
