791.2499999999999         0.08538985578978482
786.3354037267079         0.08103022925262593
781.4814814814814         0.07714563900355187
776.6871165644171         0.07368727429666169
771.951219512195          0.07061310638512189
767.2727272727273         0.0678870551717819
762.6506024096384         0.06547827358130404
758.0838323353291         0.0633605391253064
753.5714285714284         0.06151174239884164
749.1124260355028         0.059913463151662884
744.705882352941          0.058550625856403596
740.3508771929824         0.05741122819362823
736.0465116279069         0.056486137508983895
731.7919075144507         0.05576895204475893
727.5862068965516         0.0552559256200508
723.4285714285713         0.054945956478766454
719.3181818181816         0.054840643322369056
715.2542372881354         0.05494441421039918
711.2359550561796         0.05526473720182178
707.262569832402          0.055812425539801015
703.3333333333333         0.05660205513735413
699.4475138121546         0.05765251849536608
695.6043956043954         0.05898774751559864
691.8032786885245         0.06063764870335076
688.0434782608695         0.06263930902289766
684.3243243243243         0.06503855061950066
680.6451612903226         0.06789193978639547
677.0053475935828         0.07126939278429577
673.4042553191488         0.07525757241556416
669.8412698412698         0.07996434018534794
666.315789473684          0.0855246270910338
662.8272251308899         0.09210822175526724
659.3749999999999         0.09993016055947573
655.9585492227978         0.10926465479322935
652.5773195876288         0.12046381503806441
649.2307692307692         0.13398282504925044
645.9183673469387         0.15041361158265623
642.6395939086294         0.1705292376896488
639.3939393939393         0.1953406279358384
636.180904522613          0.22616435469907076
632.9999999999999         0.2646916701046449
629.8507462686566         0.313027356296911
626.7326732673266         0.3736179299684091
623.6453201970443         0.4488907845529745
620.5882352941176         0.5402711468553233
617.560975609756          0.6461342450331449
614.5631067961165         0.7586333304723621
611.5942028985506         0.8610866314909257
608.6538461538461         0.9304029461339216
605.7416267942583         0.9478438251260032
602.8571428571428         0.9113440814766727
599.9999999999999         0.8362442282008232
597.1698113207547         0.7440412112026893
594.3661971830985         0.6516954910193754
591.5887850467288         0.5684389786779629
588.8372093023255         0.49753821901828577
586.1111111111111         0.43898341180691275
583.4101382488478         0.3913976876327232
580.7339449541283         0.3530547476283718
578.0821917808219         0.32232410428605107
575.4545454545454         0.29782281308122044
572.8506787330316         0.2784372546538232
570.2702702702702         0.2632960270615672
567.7130044843049         0.2517299827542528
565.1785714285713         0.24323373321811106
562.6666666666666         0.23743328361878518
560.1769911504424         0.23406048610387215
557.7092511013215         0.23293354800704458
555.2631578947368         0.23394242304308688
552.8384279475981         0.23703788647376997
550.4347826086956         0.24222315799876568
548.051948051948          0.249546960195027
545.6896551724137         0.2590968240987676
543.3476394849785         0.2709912416061139
541.025641025641          0.2853688956750236
538.7234042553191         0.30237267594023826
536.4406779661016         0.322125566849247
534.1772151898733         0.3446949548396158
531.9327731092436         0.37004183938588747
529.7071129707113         0.3979525954520313
527.4999999999999         0.4279544779967974
