791.2499999999999         0.1538270772780477
786.3354037267079         0.15471673046860715
781.4814814814814         0.1568072105029868
776.6871165644171         0.16015194014516196
771.951219512195          0.16483882565640848
767.2727272727273         0.17099414672288168
762.6506024096384         0.1787879536794561
758.0838323353291         0.18844097114454714
753.5714285714284         0.200232780494932
749.1124260355028         0.21451053145297455
744.705882352941          0.2316963396832506
740.3508771929824         0.2522893683432969
736.0465116279069         0.27685453666029697
731.7919075144507         0.30598262149033456
727.5862068965516         0.3401949269816254
723.4285714285713         0.379750043731527
719.3181818181816         0.42429780145600976
715.2542372881354         0.4723423484910504
711.2359550561796         0.5205810802716139
707.262569832402          0.5634493927401714
703.3333333333333         0.5935576275674022
699.4475138121546         0.6036882716826644
695.6043956043954         0.5899481510063668
691.8032786885245         0.5540196184284755
688.0434782608695         0.5024934831210862
684.3243243243243         0.4437782295460664
680.6451612903226         0.38504166818117164
677.0053475935828         0.3308386974754353
673.4042553191488         0.28326978580334683
669.8412698412698         0.24276940168109115
666.315789473684          0.20887502593931748
662.8272251308899         0.18075351704524772
659.3749999999999         0.15749607001373206
655.9585492227978         0.1382576759915596
652.5773195876288         0.12230888366876978
649.2307692307692         0.10904403203223348
645.9183673469387         0.09797070651193188
642.6395939086294         0.0886929573955987
639.3939393939393         0.08089405325185141
636.180904522613          0.07432108660557095
632.9999999999999         0.0687721044844909
629.8507462686566         0.06408571917115514
626.7326732673266         0.060132887336899525
623.6453201970443         0.05681048444131418
620.5882352941176         0.054036325994461065
617.560975609756          0.05174534175379316
614.5631067961165         0.049886668414019064
611.5942028985506         0.04842148122750262
608.6538461538461         0.047321432669739635
605.7416267942583         0.04656760727935706
602.8571428571428         0.04614993806019005
599.9999999999999         0.04606706391453027
597.1698113207547         0.046326642611853174
594.3661971830985         0.04694617370567197
591.5887850467288         0.04795443586190666
588.8372093023255         0.04939371084949891
586.1111111111111         0.05132306351222531
583.4101382488478         0.05382309161042687
580.7339449541283         0.05700278101150058
578.0821917808219         0.0610094490581791
575.4545454545454         0.06604331359326454
572.8506787330316         0.07237912440453953
570.2702702702702         0.08039876818639755
567.7130044843049         0.09064118453942914
565.1785714285713         0.10387988112199004
562.6666666666666         0.12124449106190678
560.1769911504424         0.1444111697148158
557.7092511013215         0.17589272431921563
555.2631578947368         0.2194391238924657
552.8384279475981         0.2804135000470981
550.4347826086956         0.3653955228641202
548.051948051948          0.4783350205929463
545.6896551724137         0.6074143459250402
543.3476394849785         0.7046522373052987
541.025641025641          0.7040984907011895
538.7234042553191         0.6036480120696266
536.4406779661016         0.46936858226475814
534.1772151898733         0.35215214958439445
531.9327731092436         0.2647648713567849
529.7071129707113         0.20282271258237464
527.4999999999999         0.15914259008462323
