791.2499999999999         0.2573785284027457
786.3354037267079         0.28005147728004226
781.4814814814814         0.3024338396537922
776.6871165644171         0.3234225573081315
771.951219512195          0.34179606273737123
767.2727272727273         0.3563946683493027
762.6506024096384         0.3663345049292098
758.0838323353291         0.37118703832711786
753.5714285714284         0.3710574872000751
749.1124260355028         0.36653482613304594
744.705882352941          0.35854073037375667
740.3508771929824         0.34813991974729624
736.0465116279069         0.3363730819258768
731.7919075144507         0.3241467337351991
727.5862068965516         0.31218430877606596
723.4285714285713         0.3010241576340663
719.3181818181816         0.29104500503552533
715.2542372881354         0.28250261982789654
711.2359550561796         0.27556736707500346
707.262569832402          0.27035759471024057
703.3333333333333         0.26696736773841423
699.4475138121546         0.265489027669656
695.6043956043954         0.2660319359042594
691.8032786885245         0.2687390409946544
688.0434782608695         0.2738029219469336
684.3243243243243         0.28148288341668487
680.6451612903226         0.292124573730394
677.0053475935828         0.3061834113885946
673.4042553191488         0.3242526348300025
669.8412698412698         0.3470955428065171
666.315789473684          0.3756783938351534
662.8272251308899         0.4111932284519607
659.3749999999999         0.45504409513330557
655.9585492227978         0.5087378231745276
652.5773195876288         0.573560662449389
649.2307692307692         0.6498322731171031
645.9183673469387         0.7354629148173362
642.6395939086294         0.8237332191424094
639.3939393939393         0.9011915591161337
636.180904522613          0.9485277660145994
632.9999999999999         0.9478621436101231
629.8507462686566         0.8941463392652914
626.7326732673266         0.7999150362528461
623.6453201970443         0.6872712725868585
620.5882352941176         0.5757825458115365
617.560975609756          0.47668492845449834
614.5631067961165         0.3938010417538217
611.5942028985506         0.32667763750501966
608.6538461538461         0.27311713032935026
605.7416267942583         0.23056820068167605
602.8571428571428         0.1967146925584269
599.9999999999999         0.1696493449632123
597.1698113207547         0.1478710361210435
594.3661971830985         0.13022282073736954
591.5887850467288         0.11582039701200035
588.8372093023255         0.10398874968261147
586.1111111111111         0.09421128731660088
583.4101382488478         0.08609080504484118
580.7339449541283         0.07932015830139598
578.0821917808219         0.07366043738737114
575.4545454545454         0.06892476903372641
572.8506787330316         0.06496628291550187
570.2702702702702         0.06166914653248125
567.7130044843049         0.058941862017904884
565.1785714285713         0.056712237396244786
562.6666666666666         0.05492360600277809
560.1769911504424         0.05353198510518869
557.7092511013215         0.052503949883207814
555.2631578947368         0.05181506079842165
552.8384279475981         0.051448727655208734
550.4347826086956         0.051395427110731695
548.051948051948          0.05165221546076251
545.6896551724137         0.05222249762287196
543.3476394849785         0.05311602801983822
541.025641025641          0.05434913060535302
538.7234042553191         0.05594513412523228
536.4406779661016         0.057935024893908366
534.1772151898733         0.06035832226030676
531.9327731092436         0.06326418000120912
529.7071129707113         0.06671270721907789
527.4999999999999         0.07077647996453564
