791.2499999999999         0.9021657836757584
786.3354037267079         0.8806409409377329
781.4814814814814         0.8459020494336585
776.6871165644171         0.8006700070183922
771.951219512195          0.7484871335504724
767.2727272727273         0.6929799855400552
762.6506024096384         0.6372869904500934
758.0838323353291         0.5837659295326904
753.5714285714284         0.533954265442796
749.1124260355028         0.48868613485230095
744.705882352941          0.4482700691030215
740.3508771929824         0.4126638987564622
736.0465116279069         0.381617215729166
731.7919075144507         0.35477460848705933
727.5862068965516         0.3317442281288919
723.4285714285713         0.31213994004535534
719.3181818181816         0.2956051455377149
715.2542372881354         0.28182475786509087
711.2359550561796         0.27053001930810605
707.262569832402          0.2614993336182072
703.3333333333333         0.2545571716137372
699.4475138121546         0.24957234558698757
695.6043956043954         0.24645645799276553
691.8032786885245         0.2451630323704121
688.0434782608695         0.24568766729173336
684.3243243243243         0.24806947223926226
680.6451612903226         0.2523940154805744
677.0053475935828         0.2587980128853174
673.4042553191488         0.2674759876606637
669.8412698412698         0.2786890985448822
666.315789473684          0.2927762069606113
662.8272251308899         0.3101669186227567
659.3749999999999         0.3313955798459955
655.9585492227978         0.3571136429586079
652.5773195876288         0.3880947475424031
649.2307692307692         0.42522114951811113
645.9183673469387         0.4694301045629655
642.6395939086294         0.5215827637163231
639.3939393939393         0.5821965831563203
636.180904522613          0.6509647760706448
632.9999999999999         0.7260063893861028
629.8507462686566         0.8029228171519558
626.7326732673266         0.8740726607120168
623.6453201970443         0.9289521454242443
620.5882352941176         0.956635365672829
617.560975609756          0.9500072695567282
614.5631067961165         0.9093489976651249
611.5942028985506         0.8423625453339961
608.6538461538461         0.7605391826927345
605.7416267942583         0.674764445143533
602.8571428571428         0.5927693726776758
599.9999999999999         0.518782040740903
597.1698113207547         0.45436517553841294
594.3661971830985         0.39946771281896254
591.5887850467288         0.35324134725644146
588.8372093023255         0.3145485882118803
586.1111111111111         0.2822336784869261
583.4101382488478         0.2552458695791256
580.7339449541283         0.2326818517240026
578.0821917808219         0.2137884686922848
575.4545454545454         0.1979484245894264
572.8506787330316         0.18466052992067358
570.2702702702702         0.1735198731887981
567.7130044843049         0.1642001175737555
565.1785714285713         0.1564385711641211
562.6666666666666         0.1500239813122973
560.1769911504424         0.1447867310320456
557.7092511013215         0.14059104379079113
555.2631578947368         0.13732881917908557
552.8384279475981         0.13491477046023068
550.4347826086956         0.13328259024374006
548.051948051948          0.13238192152303677
545.6896551724137         0.132175954161215
543.3476394849785         0.1326395008864508
541.025641025641          0.13375743258742837
538.7234042553191         0.13552337123760355
536.4406779661016         0.1379385512666136
534.1772151898733         0.14101076775257188
531.9327731092436         0.14475333355743963
529.7071129707113         0.14918396872308468
527.4999999999999         0.15432354563748768
