791.2499999999999         0.1383379008534898
786.3354037267079         0.12660496932997617
781.4814814814814         0.1165514355003076
776.6871165644171         0.10792785618779065
771.951219512195          0.1005270005302817
767.2727272727273         0.0941770384876626
762.6506024096384         0.08873569951448025
758.0838323353291         0.08408536420286687
753.5714285714284         0.08012899718475852
749.1124260355028         0.07678681160806132
744.705882352941          0.07399355648534883
740.3508771929824         0.07169632811131328
736.0465116279069         0.069852820010986
731.7919075144507         0.068429939586571
727.5862068965516         0.06740273231899653
723.4285714285713         0.06675356537902521
719.3181818181816         0.06647153151929762
715.2542372881354         0.0665520409828732
711.2359550561796         0.06699657366492479
707.262569832402          0.06781256551388147
703.3333333333333         0.06901340146655231
699.4475138121546         0.0706184809384325
695.6043956043954         0.07265330927597251
691.8032786885245         0.07514954705105632
688.0434782608695         0.07814491509325927
684.3243243243243         0.08168280218727025
680.6451612903226         0.08581134933651384
677.0053475935828         0.0905816852382323
673.4042553191488         0.09604486235150397
669.8412698412698         0.10224690345470135
666.315789473684          0.10922125114495573
662.8272251308899         0.11697789794918106
659.3749999999999         0.12548871113420815
655.9585492227978         0.13466918167423367
652.5773195876288         0.14435828678085685
649.2307692307692         0.15430050022461755
645.9183673469387         0.16413688330463058
642.6395939086294         0.17341438807866694
639.3939393939393         0.18162169391047978
636.180904522613          0.1882536733204248
632.9999999999999         0.19289487520508936
629.8507462686566         0.1952999186016203
626.7326732673266         0.19544382199153337
623.6453201970443         0.19352397284365566
620.5882352941176         0.18991448597168023
617.560975609756          0.18509181446392653
614.5631067961165         0.17955740961056338
611.5942028985506         0.17377761186870314
608.6538461538461         0.16814927616748646
605.7416267942583         0.16298939411328153
602.8571428571428         0.15854176903681258
599.9999999999999         0.15499319745715484
597.1698113207547         0.15249349371368348
594.3661971830985         0.15117619204992863
591.5887850467288         0.1511789041938728
588.8372093023255         0.15266387793359862
586.1111111111111         0.1558404644510899
583.4101382488478         0.16099227840661295
580.7339449541283         0.16851319991335514
578.0821917808219         0.17895846813627533
575.4545454545454         0.1931205364612963
572.8506787330316         0.21214484507143874
570.2702702702702         0.2377087976542087
567.7130044843049         0.2722965091563339
565.1785714285713         0.31960055227438877
562.6666666666666         0.38501620992397617
560.1769911504424         0.47585628200538094
557.7092511013215         0.5996319582090558
555.2631578947368         0.7551745012604725
552.8384279475981         0.9084010765525321
550.4347826086956         0.9722773315252186
548.051948051948          0.8782348401763589
545.6896551724137         0.6837373419232309
543.3476394849785         0.4924236543499061
541.025641025641          0.3481383463341567
538.7234042553191         0.24909932925241654
536.4406779661016         0.182448158424385
534.1772151898733         0.13712487846057062
531.9327731092436         0.1056452550378089
529.7071129707113         0.0832533228385463
527.4999999999999         0.06695092294951427
