791.2499999999999         0.0194463363479707
786.3354037267079         0.01921776510167507
781.4814814814814         0.01907661835625721
776.6871165644171         0.019019751829441493
771.951219512195          0.01904559045470156
767.2727272727273         0.019154102923838037
762.6506024096384         0.01934683953424889
758.0838323353291         0.019627037587430746
753.5714285714284         0.01999980346428869
749.1124260355028         0.020472386530594727
744.705882352941          0.021054567965604457
740.3508771929824         0.021759198559563576
736.0465116279069         0.022602935148419573
731.7919075144507         0.023607248214442645
727.5862068965516         0.024799807352427487
723.4285714285713         0.02621640337506554
719.3181818181816         0.027903646689817246
715.2542372881354         0.02992280952567353
711.2359550561796         0.03235538599785456
707.262569832402          0.03531128364454902
703.3333333333333         0.03894113018671179
699.4475138121546         0.043455154709821024
695.6043956043954         0.0491527991992563
691.8032786885245         0.05647019745123445
688.0434782608695         0.06605786852269334
684.3243243243243         0.07890968777576232
680.6451612903226         0.09657655732907545
677.0053475935828         0.12150423653350118
673.4042553191488         0.1574706764757649
669.8412698412698         0.20966130598826166
666.315789473684          0.28202373931856806
662.8272251308899         0.3649412172561913
659.3749999999999         0.4138234747512739
655.9585492227978         0.3787141241446823
652.5773195876288         0.2874271129345126
649.2307692307692         0.20001988593307304
645.9183673469387         0.1375912472429724
642.6395939086294         0.09663055522994465
639.3939393939393         0.06991528810688973
636.180904522613          0.05211711076113108
632.9999999999999         0.03991517381262967
629.8507462686566         0.03130536994321856
626.7326732673266         0.02506672709139631
623.6453201970443         0.020437848473387307
620.5882352941176         0.016930888276490547
617.560975609756          0.014224719179709534
614.5631067961165         0.012102517376795298
611.5942028985506         0.010414427540076696
608.6538461538461         0.00905465938494186
605.7416267942583         0.00794708417212812
602.8571428571428         0.007035960623936981
599.9999999999999         0.0062798308192570824
597.1698113207547         0.005647420014333454
594.3661971830985         0.005114830458250058
591.5887850467288         0.004663587469500232
588.8372093023255         0.0042792572315303755
586.1111111111111         0.003950454691680857
583.4101382488478         0.003668121872910208
580.7339449541283         0.003424996397303161
578.0821917808219         0.0032152156449368366
575.4545454545454         0.0030340188724017245
572.8506787330316         0.002877520933599621
570.2702702702702         0.002742538934524102
567.7130044843049         0.0026264584481955323
565.1785714285713         0.002527129608247315
562.6666666666666         0.0024427860061870554
560.1769911504424         0.0023719811790566827
557.7092511013215         0.0023135388194053834
555.2631578947368         0.0022665138229003737
552.8384279475981         0.002230162016810303
550.4347826086956         0.0022039169588252004
548.051948051948          0.00218737261234862
545.6896551724137         0.0021802710287140152
543.3476394849785         0.002182494425939292
541.025641025641          0.0021940612679504723
538.7234042553191         0.0022151261334108123
536.4406779661016         0.0022459833321480565
534.1772151898733         0.002287074390772544
531.9327731092436         0.0023389996977926384
529.7071129707113         0.0024025347829324905
527.4999999999999         0.0024786519172069633
