791.2499999999999         0.8549511148141671
786.3354037267079         0.866620241629162
781.4814814814814         0.8792892772599704
776.6871165644171         0.8934477806827607
771.951219512195          0.9092048366073856
767.2727272727273         0.9260769784634174
762.6506024096384         0.9427440042856703
758.0838323353291         0.95681002373051
753.5714285714284         0.9646819717070805
749.1124260355028         0.961775988186817
744.705882352941          0.9433002542894119
740.3508771929824         0.9056781052151682
736.0465116279069         0.8481793458456981
731.7919075144507         0.7738249054732106
727.5862068965516         0.6887827791384874
723.4285714285713         0.6004573895715977
719.3181818181816         0.5153920229866485
715.2542372881354         0.4380233146620055
711.2359550561796         0.3705169925646672
707.262569832402          0.31327886776539493
703.3333333333333         0.2656410480623049
699.4475138121546         0.22643100339151706
695.6043956043954         0.19434229686203314
691.8032786885245         0.1681351485744879
688.0434782608695         0.14672359743429586
684.3243243243243         0.12919825466914422
680.6451612903226         0.11481738557565961
677.0053475935828         0.10298526294484336
673.4042553191488         0.09322759965779387
669.8412698412698         0.08516855521886099
666.315789473684          0.07851099287899395
662.8272251308899         0.07302029402436505
659.3749999999999         0.06851144418910868
655.9585492227978         0.06483890331304931
652.5773195876288         0.0618887527231975
649.2307692307692         0.05957266588003961
645.9183673469387         0.05782332753042843
642.6395939086294         0.05659100343559589
639.3939393939393         0.055841031313219595
636.180904522613          0.055552060646654224
632.9999999999999         0.05571491492240096
629.8507462686566         0.05633198583478819
626.7326732673266         0.05741709605664356
623.6453201970443         0.05899578557306214
620.5882352941176         0.061105985308667427
617.560975609756          0.06379903798019196
614.5631067961165         0.0671410042103651
611.5942028985506         0.07121414255400392
608.6538461538461         0.07611836068127274
605.7416267942583         0.08197228086169439
602.8571428571428         0.08891332002445507
599.9999999999999         0.09709582731815136
597.1698113207547         0.10668584216341082
594.3661971830985         0.11785048223805612
591.5887850467288         0.1307395237722406
588.8372093023255         0.1454568167966037
586.1111111111111         0.16202054355117892
583.4101382488478         0.18031499268924978
580.7339449541283         0.20004317237207944
578.0821917808219         0.22069820650462807
575.4545454545454         0.2415776073468756
572.8506787330316         0.26186040981536746
570.2702702702702         0.2807467045871444
567.7130044843049         0.297627179887849
565.1785714285713         0.3122263741533687
562.6666666666666         0.32466864962614617
560.1769911504424         0.33545140369571724
557.7092511013215         0.34535181531756126
555.2631578947368         0.35531450127452097
552.8384279475981         0.3663609132519557
550.4347826086956         0.37953992800805075
548.051948051948          0.39591870871055135
545.6896551724137         0.41660048664768057
543.3476394849785         0.44274918812870584
541.025641025641          0.47559314174965156
538.7234042553191         0.5163636775430815
536.4406779661016         0.566092086596477
534.1772151898733         0.6251393283577096
531.9327731092436         0.6922955082993925
529.7071129707113         0.7633753605375528
527.4999999999999         0.8297108484127703
