791.2499999999999         0.6801901167318094
786.3354037267079         0.8255811421586857
781.4814814814814         0.9460739741128016
776.6871165644171         0.9967908997608462
771.951219512195          0.9585416630944322
767.2727272727273         0.8560289889358125
762.6506024096384         0.73140978964079
758.0838323353291         0.614218690575641
753.5714285714284         0.5161436733648538
749.1124260355028         0.43832867267110126
744.705882352941          0.3779434373483677
740.3508771929824         0.33142572353658234
736.0465116279069         0.2956331590074506
731.7919075144507         0.26809407059410395
727.5862068965516         0.2469517023531203
723.4285714285713         0.2308363275815831
719.3181818181816         0.21874290117689196
715.2542372881354         0.2099332291010996
711.2359550561796         0.2038624110095942
707.262569832402          0.2001243785302687
703.3333333333333         0.19841106969857625
699.4475138121546         0.1984807351304672
695.6043956043954         0.20013198154819886
691.8032786885245         0.20318118078351535
688.0434782608695         0.2074418548998069
684.3243243243243         0.21270572015671094
680.6451612903226         0.21872633640292674
677.0053475935828         0.22520772912455447
673.4042553191488         0.23180162586670383
669.8412698412698         0.2381174195065046
666.315789473684          0.24374774463338217
662.8272251308899         0.24830900135091696
659.3749999999999         0.25149073533225275
655.9585492227978         0.2531025684363664
652.5773195876288         0.2531054757061804
649.2307692307692         0.25161774685319827
645.9183673469387         0.24889406329440875
642.6395939086294         0.24528489565057068
639.3939393939393         0.2411885859882459
636.180904522613          0.23700820900384176
632.9999999999999         0.23312099861072177
629.8507462686566         0.22986273551213848
626.7326732673266         0.22752541043548968
623.6453201970443         0.2263645718499346
620.5882352941176         0.22661267374378932
617.560975609756          0.22849563508874454
614.5631067961165         0.23225098933346836
611.5942028985506         0.2381470194667558
608.6538461538461         0.24650296945055358
605.7416267942583         0.2577107368534329
602.8571428571428         0.27225830108652155
599.9999999999999         0.29075428513011803
597.1698113207547         0.313950916969943
594.3661971830985         0.34275810317497857
591.5887850467288         0.3782322977691645
588.8372093023255         0.42150722716216615
586.1111111111111         0.473606229242334
583.4101382488478         0.5350405330619856
580.7339449541283         0.605079460693578
578.0821917808219         0.6806587154798753
575.4545454545454         0.7552261095065506
572.8506787330316         0.8184834941526149
570.2702702702702         0.8584463717825286
567.7130044843049         0.8661378809261208
565.1785714285713         0.8402718862445583
562.6666666666666         0.7879236180199958
560.1769911504424         0.7205834053880529
557.7092511013215         0.6491673207669442
555.2631578947368         0.5812536312686083
552.8384279475981         0.5208466228077074
550.4347826086956         0.4693621298102174
548.051948051948          0.42673698291516954
545.6896551724137         0.39223244333212287
543.3476394849785         0.3649054726550845
541.025641025641          0.3438470607494375
538.7234042553191         0.3282856699799374
536.4406779661016         0.3176219852157799
534.1772151898733         0.31143303347991397
531.9327731092436         0.3094655694694038
529.7071129707113         0.311628297714804
527.4999999999999         0.31798690018121617
