791.2499999999999         0.553903019887107
786.3354037267079         0.5107903157186655
781.4814814814814         0.47161171206962565
776.6871165644171         0.4364097701239392
771.951219512195          0.4050607214883565
767.2727272727273         0.3773422816596633
762.6506024096384         0.35298289082190015
758.0838323353291         0.331695281795567
753.5714285714284         0.31319802251684475
749.1124260355028         0.2972284280309198
744.705882352941          0.2835496051756146
740.3508771929824         0.271953709610234
736.0465116279069         0.2622629012157285
731.7919075144507         0.2543290210971306
727.5862068965516         0.24803267590120198
723.4285714285713         0.2432821805869267
719.3181818181816         0.2400126542042923
715.2542372881354         0.23818546276968852
711.2359550561796         0.23778814154056233
707.262569832402          0.23883489241587533
703.3333333333333         0.24136773000067743
699.4475138121546         0.2454583321996566
695.6043956043954         0.25121062695179536
691.8032786885245         0.25876410065447436
688.0434782608695         0.26829772220527504
684.3243243243243         0.2800342005141398
680.6451612903226         0.2942439685614714
677.0053475935828         0.31124770937535395
673.4042553191488         0.331415246162826
669.8412698412698         0.3551569746316514
666.315789473684          0.38290142530800253
662.8272251308899         0.4150487634752704
659.3749999999999         0.4518852345791427
655.9585492227978         0.49343923482325924
652.5773195876288         0.5392604429459096
649.2307692307692         0.5881195174382091
645.9183673469387         0.6376735608552201
642.6395939086294         0.6842342296178995
639.3939393939393         0.7228862450539898
636.180904522613          0.7482253466910426
632.9999999999999         0.7557474123880726
629.8507462686566         0.7434099137115202
626.7326732673266         0.7124974686347585
623.6453201970443         0.6671985594078857
620.5882352941176         0.6131518488171105
617.560975609756          0.5558336853478341
614.5631067961165         0.49951322463686515
611.5942028985506         0.4469411678700929
608.6538461538461         0.3995364731699385
605.7416267942583         0.3577636961777253
602.8571428571428         0.3215005170580455
599.9999999999999         0.2903159200294837
597.1698113207547         0.2636519031797537
594.3661971830985         0.24092958188183775
591.5887850467288         0.22160448851528025
588.8372093023255         0.20519095237827814
586.1111111111111         0.1912691137908074
583.4101382488478         0.17948298546160185
580.7339449541283         0.16953444571048046
578.0821917808219         0.16117583474328848
575.4545454545454         0.15420251508215255
572.8506787330316         0.14844601530572557
570.2702702702702         0.14376797248830908
567.7130044843049         0.14005487808008446
565.1785714285713         0.13721352736532696
562.6666666666666         0.13516702356397092
560.1769911504424         0.133851165777129
557.7092511013215         0.13321104034521586
555.2631578947368         0.13319763125770712
552.8384279475981         0.13376426662932006
550.4347826086956         0.13486273015221692
548.051948051948          0.13643890027645325
545.6896551724137         0.1384278542443197
543.3476394849785         0.14074851462543658
541.025641025641          0.1432981514522224
538.7234042553191         0.14594740366423123
536.4406779661016         0.1485369366475275
534.1772151898733         0.15087732455076636
531.9327731092436         0.15275404192826972
529.7071129707113         0.1539392562406059
527.4999999999999         0.15421108632909997
