791.2499999999999         0.6098742564554602
786.3354037267079         0.5747335775942211
781.4814814814814         0.5382263060970158
776.6871165644171         0.5003410610196899
771.951219512195          0.46138593465282796
767.2727272727273         0.4219500833511246
762.6506024096384         0.3828075649597122
758.0838323353291         0.3447891638840017
753.5714285714284         0.3086572620050131
749.1124260355028         0.27501355186175136
744.705882352941          0.24425371701925572
740.3508771929824         0.21656633620174684
736.0465116279069         0.19196256051032912
731.7919075144507         0.17032047802558603
727.5862068965516         0.15143113180026782
723.4285714285713         0.13503831288186535
719.3181818181816         0.12086892140685808
715.2542372881354         0.10865381214045133
711.2359550561796         0.0981406225779431
707.262569832402          0.08910057370588124
703.3333333333333         0.08133112180143987
699.4475138121546         0.07465597876841511
695.6043956043954         0.06892361383119078
691.8032786885245         0.06400499590813716
688.0434782608695         0.05979106327594607
684.3243243243243         0.0561902128087658
680.6451612903226         0.05312597063335422
677.0053475935828         0.05053492297910749
673.4042553191488         0.048364935994793266
669.8412698412698         0.04657366536845156
666.315789473684          0.04512734291026518
662.8272251308899         0.043999822582198686
659.3749999999999         0.043171869430872034
655.9585492227978         0.042630679506767084
652.5773195876288         0.04236962610781949
649.2307692307692         0.04238823725267287
645.9183673469387         0.0426924214306469
642.6395939086294         0.04329497420184612
639.3939393939393         0.04421641857026859
636.180904522613          0.04548625949217709
632.9999999999999         0.04714477087273095
629.8507462686566         0.04924548721288797
626.7326732673266         0.05185864975799215
623.6453201970443         0.05507597101535235
620.5882352941176         0.05901725123750735
617.560975609756          0.06383963630308284
614.5631067961165         0.06975069616122408
611.5942028985506         0.0770271014874696
608.6538461538461         0.08604159871549166
605.7416267942583         0.09730240022698715
602.8571428571428         0.11151124231226116
599.9999999999999         0.12964942801493884
597.1698113207547         0.15310502657220276
594.3661971830985         0.18385736136493988
591.5887850467288         0.2247298674397946
588.8372093023255         0.2796851132139703
586.1111111111111         0.35399363189614375
583.4101382488478         0.45367752766468467
580.7339449541283         0.5826156961172311
578.0821917808219         0.7344857294653241
575.4545454545454         0.8798627593513172
572.8506787330316         0.9655389426716661
570.2702702702702         0.9519925478612165
567.7130044843049         0.8548349800643343
565.1785714285713         0.7242027245975744
562.6666666666666         0.5992560010659576
560.1769911504424         0.49565317438359524
557.7092511013215         0.41486057473736515
555.2631578947368         0.3533099519302553
552.8384279475981         0.30670535269143284
550.4347826086956         0.27140221980560425
548.051948051948          0.24462918321418836
545.6896551724137         0.22436391386625754
543.3476394849785         0.20915111717608778
541.025641025641          0.1979447925042857
538.7234042553191         0.18998800178069505
536.4406779661016         0.1847239865398967
534.1772151898733         0.18172894606460702
531.9327731092436         0.18065760757730404
529.7071129707113         0.18119440781510396
527.4999999999999         0.18300511020694968
