791.2499999999999         0.5289359872629096
786.3354037267079         0.5388628709957627
781.4814814814814         0.5213042234348005
776.6871165644171         0.4841837456166914
771.951219512195          0.43857609185140767
767.2727272727273         0.3932580725378005
762.6506024096384         0.35307083601088307
758.0838323353291         0.31980875901131717
753.5714285714284         0.29359262540161607
749.1124260355028         0.2738538089611398
744.705882352941          0.25986636952427555
740.3508771929824         0.2509873478511972
736.0465116279069         0.2467475608664698
731.7919075144507         0.24687723636836748
727.5862068965516         0.25130864155663857
723.4285714285713         0.2601742174088357
719.3181818181816         0.27380621788312515
715.2542372881354         0.2927359565799203
711.2359550561796         0.31768269327910087
707.262569832402          0.34950965912364085
703.3333333333333         0.389103141499501
699.4475138121546         0.43709675902913514
695.6043956043954         0.4933247174001492
691.8032786885245         0.5558908100774106
688.0434782608695         0.6199149313269875
684.3243243243243         0.6765666772269752
680.6451612903226         0.7138332557187587
677.0053475935828         0.7204473217306381
673.4042553191488         0.6917942426508266
669.8412698412698         0.6330890950207044
666.315789473684          0.5564920240048659
662.8272251308899         0.4749236425768504
659.3749999999999         0.3976836354441758
655.9585492227978         0.32956497302770216
652.5773195876288         0.27200043748601743
649.2307692307692         0.2245435107172091
645.9183673469387         0.18594462942809573
642.6395939086294         0.15475640844511113
639.3939393939393         0.129615392407269
636.180904522613          0.1093452941687204
632.9999999999999         0.09297489610810651
629.8507462686566         0.07972070937121312
626.7326732673266         0.06895848298799816
623.6453201970443         0.06019404251563793
620.5882352941176         0.05303740841540183
617.560975609756          0.047181233221653227
614.5631067961165         0.04238341050281974
611.5942028985506         0.038453301198736516
608.6538461538461         0.03524094652361685
605.7416267942583         0.0326286883981034
602.8571428571428         0.030524710307877775
599.9999999999999         0.02885810770989698
597.1698113207547         0.027575184768945608
594.3661971830985         0.02663675032980022
591.5887850467288         0.026016251741559686
588.8372093023255         0.025698643239241724
586.1111111111111         0.025679939530760375
583.4101382488478         0.025967458827625727
580.7339449541283         0.02658081664567354
578.0821917808219         0.027553795567410326
575.4545454545454         0.028937287644132566
572.8506787330316         0.030803578564434955
570.2702702702702         0.03325228909724516
567.7130044843049         0.03641823098279828
565.1785714285713         0.04048106808740164
562.6666666666666         0.0456755091027085
560.1769911504424         0.05229769041653353
557.7092511013215         0.06069618807935819
555.2631578947368         0.07122105772751462
552.8384279475981         0.08407904377572765
550.4347826086956         0.09902137109094161
548.051948051948          0.11484362023008572
545.6896551724137         0.12895990978492786
543.3476394849785         0.13780337692641198
541.025641025641          0.13862107274603025
538.7234042553191         0.1314488268898934
536.4406779661016         0.11901168327467822
534.1772151898733         0.10472083104652073
531.9327731092436         0.09102842362152941
529.7071129707113         0.07910968411475763
527.4999999999999         0.06926207505252092
