791.2499999999999         0.017777103335003135
786.3354037267079         0.01840986002405691
781.4814814814814         0.019195976515684995
776.6871165644171         0.020156184678197738
771.951219512195          0.021316992500096017
767.2727272727273         0.022712140563174197
762.6506024096384         0.024384558649308878
758.0838323353291         0.02638900231863235
753.5714285714284         0.028795623293592854
749.1124260355028         0.03169483253133433
744.705882352941          0.035203963028461904
740.3508771929824         0.039476444719818704
736.0465116279069         0.044714477642673056
731.7919075144507         0.05118652525001983
727.5862068965516         0.05925128019200842
723.4285714285713         0.06938984095607618
719.3181818181816         0.08224699242883877
715.2542372881354         0.09867892422982376
711.2359550561796         0.11979418374169518
707.262569832402          0.1469479862355341
703.3333333333333         0.1815913399936554
699.4475138121546         0.22477349118561024
695.6043956043954         0.2760030373477774
691.8032786885245         0.33138631445306915
688.0434782608695         0.3820988128136059
684.3243243243243         0.41603889112177017
680.6451612903226         0.4242919297006198
677.0053475935828         0.40733786413506184
673.4042553191488         0.37383849294187654
669.8412698412698         0.3340695568969921
666.315789473684          0.2952546267885384
662.8272251308899         0.2609102977098521
659.3749999999999         0.23206339080519398
655.9585492227978         0.2085077263528306
652.5773195876288         0.18958039193831688
649.2307692307692         0.17453920644202775
645.9183673469387         0.16271410460686533
642.6395939086294         0.15355149225427323
639.3939393939393         0.1466144713674088
636.180904522613          0.1415680713807023
632.9999999999999         0.1381617118179091
629.8507462686566         0.1362134205384486
626.7326732673266         0.13559706966968266
623.6453201970443         0.1362326255448138
620.5882352941176         0.13807899347440267
617.560975609756          0.1411289605161301
614.5631067961165         0.14540577864639095
611.5942028985506         0.15096099524232018
608.6538461538461         0.15787319149836815
605.7416267942583         0.16624731926432154
602.8571428571428         0.17621432881380755
599.9999999999999         0.18793075383420552
597.1698113207547         0.20157786718266824
594.3661971830985         0.21735994605604647
591.5887850467288         0.23550109696850685
588.8372093023255         0.25624000486781073
586.1111111111111         0.2798219112423389
583.4101382488478         0.3064871268560269
580.7339449541283         0.3364554855277571
578.0821917808219         0.3699063828563674
575.4545454545454         0.40695443606311305
572.8506787330316         0.44762132878698985
570.2702702702702         0.4918049986439026
567.7130044843049         0.5392478774738232
565.1785714285713         0.5895063057493427
562.6666666666666         0.6419235090332476
560.1769911504424         0.6956088184901055
557.7092511013215         0.7494264930558032
555.2631578947368         0.8019989255475006
552.8384279475981         0.8517311961970059
550.4347826086956         0.8968660466259731
548.051948051948          0.9355784516248973
545.6896551724137         0.9661144315680824
543.3476394849785         0.9869676985185479
541.025641025641          0.9970713032138059
538.7234042553191         0.9959654392571581
536.4406779661016         0.9838961769562905
534.1772151898733         0.961810633753528
531.9327731092436         0.9312412975687615
529.7071129707113         0.8941051006384632
527.4999999999999         0.852466166401157
