791.2499999999999         0.10008013382927892
786.3354037267079         0.09506031492839292
781.4814814814814         0.09128561533412441
776.6871165644171         0.08859264553452453
771.951219512195          0.08686136391270756
767.2727272727273         0.08600652432039657
762.6506024096384         0.08597116664617294
758.0838323353291         0.08672162142512431
753.5714285714284         0.08824356818717938
749.1124260355028         0.09053874473249478
744.705882352941          0.09362194559308973
740.3508771929824         0.09751797923284615
736.0465116279069         0.10225829108573403
731.7919075144507         0.10787702911128089
727.5862068965516         0.1144064654989355
723.4285714285713         0.12187193244495485
719.3181818181816         0.13028681121293095
715.2542372881354         0.13964862249406068
711.2359550561796         0.1499378150561727
707.262569832402          0.16112124609807552
703.3333333333333         0.1731623177997834
699.4475138121546         0.18603904685027364
695.6043956043954         0.19977000495195388
691.8032786885245         0.214446493500324
688.0434782608695         0.2302682672916274
684.3243243243243         0.2475803264931251
680.6451612903226         0.2669098997747353
677.0053475935828         0.2890049452384
673.4042553191488         0.31487647959583176
669.8412698412698         0.34584370086734667
666.315789473684          0.38356722840774077
662.8272251308899         0.43001867879443784
659.3749999999999         0.48724608906607103
655.9585492227978         0.556608302005552
652.5773195876288         0.6368600471149488
649.2307692307692         0.7204213159368384
645.9183673469387         0.7888610889454044
642.6395939086294         0.8141014609594304
639.3939393939393         0.7746661770470878
636.180904522613          0.6773229340130328
632.9999999999999         0.5538368098840416
629.8507462686566         0.4352337917348608
626.7326732673266         0.33679679638809923
623.6453201970443         0.26087099192786267
620.5882352941176         0.20413392903051716
617.560975609756          0.16210722912505535
614.5631067961165         0.13087924121763855
611.5942028985506         0.10746776238289212
608.6538461538461         0.08971724323527128
605.7416267942583         0.07609938863383922
602.8571428571428         0.06553412619553016
599.9999999999999         0.05725461071175589
597.1698113207547         0.05071184721768893
594.3661971830985         0.04550900033547609
591.5887850467288         0.04135649724096612
588.8372093023255         0.0380413167191744
586.1111111111111         0.03540588523137931
583.4101382488478         0.03333349856615801
580.7339449541283         0.03173822084639174
578.0821917808219         0.030557907430908412
575.4545454545454         0.02974946387011869
572.8506787330316         0.029285769695376808
570.2702702702702         0.029153919294588954
567.7130044843049         0.029354601773873754
565.1785714285713         0.029902587370421844
562.6666666666666         0.030828436201451728
560.1769911504424         0.03218172542832811
557.7092511013215         0.03403634393558463
555.2631578947368         0.03649879410529693
552.8384279475981         0.0397210801775026
550.4347826086956         0.043920855178356186
548.051948051948          0.049413423710297014
545.6896551724137         0.056663683053680816
543.3476394849785         0.06637253399224564
541.025641025641          0.07962438230150849
538.7234042553191         0.09814482766079131
536.4406779661016         0.12475670251074263
534.1772151898733         0.16417301832632872
531.9327731092436         0.22422486906641237
529.7071129707113         0.3168479530976146
527.4999999999999         0.45380934946955626
