791.2499999999999         0.10112756628463881
786.3354037267079         0.09066820882117951
781.4814814814814         0.0831829285736512
776.6871165644171         0.07800214571623679
771.951219512195          0.0746985105230107
767.2727272727273         0.07301972061479922
762.6506024096384         0.07285103347793936
758.0838323353291         0.0742002127306298
753.5714285714284         0.07720245922724549
749.1124260355028         0.08214789648154268
744.705882352941          0.08954089386536547
740.3508771929824         0.10021184452355428
736.0465116279069         0.11552393406266111
731.7919075144507         0.13776277149231983
727.5862068965516         0.1708924711846661
723.4285714285713         0.22205235482215405
719.3181818181816         0.30441926227110616
715.2542372881354         0.44127183337497905
711.2359550561796         0.66043408875692
707.262569832402          0.9170086417451934
703.3333333333333         0.9530916109535416
699.4475138121546         0.6970343556432916
695.6043956043954         0.4386461893474294
691.8032786885245         0.2774228751319806
688.0434782608695         0.1846557248072358
684.3243243243243         0.12980046955189417
680.6451612903226         0.0957152543593127
677.0053475935828         0.07348190826424668
673.4042553191488         0.05835441739647825
669.8412698412698         0.04769182183384714
666.315789473684          0.039954441873703485
662.8272251308899         0.03420528353814977
659.3749999999999         0.029852116763321425
655.9585492227978         0.026508152921619278
652.5773195876288         0.0239136324671622
649.2307692307692         0.021890016917655568
645.9183673469387         0.020312328286966486
642.6395939086294         0.019091961383781844
639.3939393939393         0.018165747121504573
636.180904522613          0.017488869293443593
632.9999999999999         0.017030235852717124
629.8507462686566         0.016769471439489352
626.7326732673266         0.016695029970506464
623.6453201970443         0.01680312923170547
620.5882352941176         0.01709734063073893
617.560975609756          0.017588758924399903
614.5631067961165         0.018296748009539968
611.5942028985506         0.0192503214097404
608.6538461538461         0.020490276142827328
605.7416267942583         0.02207225582556051
602.8571428571428         0.024070959690109885
599.9999999999999         0.02658569480237356
597.1698113207547         0.029747273846131284
594.3661971830985         0.03372561165763239
591.5887850467288         0.03873563852564858
588.8372093023255         0.045035011325264204
586.1111111111111         0.05289824009571095
583.4101382488478         0.06253575591658565
580.7339449541283         0.07390693209958385
578.0821917808219         0.08638540729977406
575.4545454545454         0.09836728637268592
572.8506787330316         0.10724929025976496
570.2702702702702         0.11039175885654154
567.7130044843049         0.10680604823538124
565.1785714285713         0.09789862536210302
562.6666666666666         0.08636669898258002
560.1769911504424         0.07459395524929352
557.7092511013215         0.06395077245823762
555.2631578947368         0.05493685649567375
552.8384279475981         0.04755925303590558
550.4347826086956         0.041621109448327316
548.051948051948          0.036876548855493047
545.6896551724137         0.033096615943357284
543.3476394849785         0.030090191283800676
541.025641025641          0.02770571367625161
538.7234042553191         0.02582619203808934
536.4406779661016         0.0243628182131211
534.1772151898733         0.023249153973024538
531.9327731092436         0.02243645349469976
529.7071129707113         0.021890145908118237
527.4999999999999         0.02158733764053959
