791.2499999999999         0.014391561618034836
786.3354037267079         0.012084728207207874
781.4814814814814         0.010279913445574327
776.6871165644171         0.0088527040382543
771.951219512195          0.007713371972375303
767.2727272727273         0.006796351808991068
762.6506024096384         0.006053157194210615
758.0838323353291         0.005447543176504283
753.5714285714284         0.004952157430546487
749.1124260355028         0.0045461932399133015
744.705882352941          0.004213726247927817
740.3508771929824         0.003942524646354394
736.0465116279069         0.0037231920238821868
731.7919075144507         0.0035485477253926053
727.5862068965516         0.0034131800105603126
723.4285714285713         0.003313128011365415
719.3181818181816         0.003245662963398666
715.2542372881354         0.0032091497208540523
711.2359550561796         0.003202977744325885
707.262569832402          0.0032275577660770115
703.3333333333333         0.0032843872243946723
699.4475138121546         0.0033761954074817712
695.6043956043954         0.0035071894516781055
691.8032786885245         0.003683436957006418
688.0434782608695         0.003913443341664658
684.3243243243243         0.004209017838568718
680.6451612903226         0.00458658132655193
677.0053475935828         0.005069170457176291
673.4042553191488         0.005689570607496476
669.8412698412698         0.006495332568247281
666.315789473684          0.007557028927872136
662.8272251308899         0.008982259125896614
659.3749999999999         0.010940178419258071
655.9585492227978         0.01370583288136157
652.5773195876288         0.0177423303572626
649.2307692307692         0.023853542038934784
645.9183673469387         0.0334480426635623
642.6395939086294         0.048835674855530295
639.3939393939393         0.07254704037751741
636.180904522613          0.10129490196677732
632.9999999999999         0.11460915675451067
629.8507462686566         0.09744346346276928
626.7326732673266         0.0697285321580955
623.6453201970443         0.04815540131887047
620.5882352941176         0.0341360106009456
617.560975609756          0.02522197131163824
614.5631067961165         0.019409597516590403
611.5942028985506         0.015481817247955837
608.6538461538461         0.01273334900223268
605.7416267942583         0.010749843747466794
602.8571428571428         0.00928025750759851
599.9999999999999         0.008167180508018403
597.1698113207547         0.007308577289506561
594.3661971830985         0.006636238673853347
591.5887850467288         0.006103266254647783
588.8372093023255         0.0056765723925283245
586.1111111111111         0.0053322503808942556
583.4101382488478         0.005052637491012279
580.7339449541283         0.004824406169202242
578.0821917808219         0.004637297517823029
575.4545454545454         0.004483267092407785
572.8506787330316         0.004355902430427206
570.2702702702702         0.004250024081545108
567.7130044843049         0.004161413070101509
565.1785714285713         0.004086626461392408
562.6666666666666         0.004022874075528322
560.1769911504424         0.003967936443111886
557.7092511013215         0.0039201087465269915
555.2631578947368         0.0038781589658132493
552.8384279475981         0.0038412914796552337
550.4347826086956         0.0038091102931701545
548.051948051948          0.0037815788927337197
545.6896551724137         0.003758976274410391
543.3476394849785         0.0037418506934834717
541.025641025641          0.003730973931413966
538.7234042553191         0.003727299308733388
536.4406779661016         0.0037319263850831967
534.1772151898733         0.003746074497237446
531.9327731092436         0.003771066252303892
529.7071129707113         0.0038083210447162315
527.4999999999999         0.003859357749805318
