791.2499999999999         0.11925871720729567
786.3354037267079         0.12391825204653331
781.4814814814814         0.1294747451857737
776.6871165644171         0.1360150844409135
771.951219512195          0.14362627489675425
767.2727272727273         0.15238767159632116
762.6506024096384         0.16235830034080634
758.0838323353291         0.17355763820462186
753.5714285714284         0.1859385168263485
749.1124260355028         0.19935211460785948
744.705882352941          0.2135080467907721
740.3508771929824         0.22793789191796707
736.0465116279069         0.24197753728299584
731.7919075144507         0.25478937448426625
727.5862068965516         0.26544331778603425
723.4285714285713         0.2730590982364553
719.3181818181816         0.27698181282860257
715.2542372881354         0.2769333797604396
711.2359550561796         0.2730786053140307
707.262569832402          0.26597752953021475
703.3333333333333         0.25644731250826164
699.4475138121546         0.24539209846572824
695.6043956043954         0.23365846837296075
691.8032786885245         0.22194712132327193
688.0434782608695         0.2107816534204965
684.3243243243243         0.2005180791864305
680.6451612903226         0.19137542527228135
677.0053475935828         0.18347229296818565
673.4042553191488         0.17686071348996812
669.8412698412698         0.1715537509784411
666.315789473684          0.1675464018813886
662.8272251308899         0.1648307934005387
659.3749999999999         0.16340713819127808
655.9585492227978         0.16329186661308032
652.5773195876288         0.1645241416487465
649.2307692307692         0.16717172075814699
645.9183673469387         0.17133692409603324
642.6395939086294         0.17716330814113068
639.3939393939393         0.18484350596716326
636.180904522613          0.19462853243747022
632.9999999999999         0.20683858031475277
629.8507462686566         0.2218748034662627
626.7326732673266         0.2402305348836604
623.6453201970443         0.26249837183029506
620.5882352941176         0.2893658569478774
617.560975609756          0.321586082086895
614.5631067961165         0.3598994675459999
611.5942028985506         0.4048696762883799
608.6538461538461         0.45658586915014926
605.7416267942583         0.5141941544450549
602.8571428571428         0.5752932807766827
599.9999999999999         0.6354112528817694
597.1698113207547         0.6880422177388775
594.3661971830985         0.7258087274062469
591.5887850467288         0.7427823157582006
588.8372093023255         0.7368803417519614
586.1111111111111         0.7106957372310084
583.4101382488478         0.6701610647006824
580.7339449541283         0.6221332194480886
578.0821917808219         0.5724430805756457
575.4545454545454         0.5250835219764488
572.8506787330316         0.48229391399142574
570.2702702702702         0.4450279954261096
567.7130044843049         0.413447090596962
565.1785714285713         0.3872955161647372
562.6666666666666         0.3661426157130827
560.1769911504424         0.3495221606432072
557.7092511013215         0.3370050036839181
555.2631578947368         0.32823253402615904
552.8384279475981         0.32292883034398884
550.4347826086956         0.320902028073013
548.051948051948          0.3220405316257447
545.6896551724137         0.3263066204246675
543.3476394849785         0.33372798925403346
541.025641025641          0.3443862709162657
538.7234042553191         0.358400236210008
536.4406779661016         0.3758999483563667
534.1772151898733         0.39698668927218217
531.9327731092436         0.4216723992293782
529.7071129707113         0.4497928297895502
527.4999999999999         0.4808928530350413
