791.2499999999999         0.11936771867768409
786.3354037267079         0.131205924987854
781.4814814814814         0.14692261975009854
776.6871165644171         0.16790351273450846
771.951219512195          0.1961869938912378
767.2727272727273         0.23476821878067847
762.6506024096384         0.28793857656842553
758.0838323353291         0.36132096789878276
753.5714285714284         0.4603053943036989
749.1124260355028         0.5833676172978388
744.705882352941          0.7062055817579347
740.3508771929824         0.7711655966721191
736.0465116279069         0.7300984643290004
731.7919075144507         0.6090346236853287
727.5862068965516         0.47307953616788434
723.4285714285713         0.35992479370390057
719.3181818181816         0.27613972932442304
715.2542372881354         0.2163842533073052
711.2359550561796         0.17390078851266508
707.262569832402          0.14338509924766704
703.3333333333333         0.12115747957656271
699.4475138121546         0.1047566278094649
695.6043956043954         0.09254517214837718
691.8032786885245         0.08342792597726903
688.0434782608695         0.07666763815124053
684.3243243243243         0.07176808512809493
680.6451612903226         0.06840092616361271
677.0053475935828         0.06636093756210912
673.4042553191488         0.06554040022427353
669.8412698412698         0.06591767850623365
666.315789473684          0.0675581978121434
662.8272251308899         0.07062895088428231
659.3749999999999         0.07543132204474447
655.9585492227978         0.08246294973513398
652.5773195876288         0.09253055031697115
649.2307692307692         0.10695866663003889
645.9183673469387         0.12798931904969915
642.6395939086294         0.15957952101178546
639.3939393939393         0.20904951549548473
636.180904522613          0.2904637873293271
632.9999999999999         0.43022912690275994
629.8507462686566         0.6631514891306547
626.7326732673266         0.9343984627941608
623.6453201970443         0.9240832100506938
620.5882352941176         0.6223395243212342
617.560975609756          0.3707732835146767
614.5631067961165         0.22761590488453157
611.5942028985506         0.148758475489666
608.6538461538461         0.10314432367065804
605.7416267942583         0.07514859028069866
602.8571428571428         0.057025001607511505
599.9999999999999         0.04475364772837452
597.1698113207547         0.0361300113554992
594.3661971830985         0.029880515089430053
591.5887850467288         0.025234695349494237
588.8372093023255         0.021707431915470143
586.1111111111111         0.0189825373174965
583.4101382488478         0.016847696164178076
580.7339449541283         0.015156630744776639
578.0821917808219         0.013806311663255218
575.4545454545454         0.012722797091590372
572.8506787330316         0.0118521886349401
570.2702702702702         0.011154713857273492
567.7130044843049         0.010600772309695772
565.1785714285713         0.010168245931641902
562.6666666666666         0.009840642988611554
560.1769911504424         0.009605804115439034
557.7092511013215         0.009454996155351947
555.2631578947368         0.009382280064274095
552.8384279475981         0.009384077786010938
550.4347826086956         0.009458888174444872
548.051948051948          0.009607118766155057
545.6896551724137         0.009831011507976937
543.3476394849785         0.010134648230435249
541.025641025641          0.010524026779604097
538.7234042553191         0.011007201801798837
536.4406779661016         0.011594485328869896
534.1772151898733         0.012298701261054945
531.9327731092436         0.01313548389363519
529.7071129707113         0.014123602597621642
527.4999999999999         0.01528528089936554
