791.2499999999999         0.2581719474138051
786.3354037267079         0.26633288432347374
781.4814814814814         0.27404166293572213
776.6871165644171         0.28091506259583515
771.951219512195          0.28655335184598363
767.2727272727273         0.29057647225003863
762.6506024096384         0.2926672235552308
758.0838323353291         0.2926136375449552
753.5714285714284         0.29034080725320627
749.1124260355028         0.28592371879804646
744.705882352941          0.2795772629042605
740.3508771929824         0.27162591813867726
736.0465116279069         0.26246091465621224
731.7919075144507         0.2524948917142009
727.5862068965516         0.24212276939030591
723.4285714285713         0.23169401989669758
719.3181818181816         0.22149759857872756
715.2542372881354         0.21175786753543133
711.2359550561796         0.20263840855313886
707.262569832402          0.19425045464350288
703.3333333333333         0.18666325034912298
699.4475138121546         0.1799144922085956
695.6043956043954         0.17401978966101142
691.8032786885245         0.16898068638073302
688.0434782608695         0.16479117310763713
684.3243243243243         0.16144284253409388
680.6451612903226         0.15892893713323922
677.0053475935828         0.1572475690186266
673.4042553191488         0.15640438186433683
669.8412698412698         0.15641490140328385
666.315789473684          0.1573067966324517
662.8272251308899         0.15912225598378474
659.3749999999999         0.16192067505367966
655.9585492227978         0.16578185665422543
652.5773195876288         0.17080994041219197
649.2307692307692         0.17713830734828415
645.9183673469387         0.18493574258695603
642.6395939086294         0.19441418076261183
639.3939393939393         0.20583839034762572
636.180904522613          0.21953794587923067
632.9999999999999         0.23592173057479585
629.8507462686566         0.2554948854305118
626.7326732673266         0.27887734047797846
623.6453201970443         0.30682138971176653
620.5882352941176         0.3402224125793487
617.560975609756          0.3801104758049229
614.5631067961165         0.42759922406803175
611.5942028985506         0.48375016964650264
608.6538461538461         0.5492858282225129
605.7416267942583         0.6240654406979562
602.8571428571428         0.7062613923369729
599.9999999999999         0.7913280084095927
597.1698113207547         0.8712331681890627
594.3661971830985         0.9349263791454678
591.5887850467288         0.9710067159486248
588.8372093023255         0.9721437217985133
586.1111111111111         0.9385948939799369
583.4101382488478         0.8779963985638221
580.7339449541283         0.8016408610882079
578.0821917808219         0.7202076780406131
575.4545454545454         0.6413591667849465
572.8506787330316         0.5694205451327868
570.2702702702702         0.5061574564151899
567.7130044843049         0.4517533605324983
565.1785714285713         0.4055767322465524
562.6666666666666         0.36666786231556686
560.1769911504424         0.3340067248521915
557.7092511013215         0.30664170241389965
555.2631578947368         0.2837399800494085
552.8384279475981         0.26459788960954045
550.4347826086956         0.2486329015464215
548.051948051948          0.23536867557851268
545.6896551724137         0.2244187557393286
543.3476394849785         0.21547138898187845
541.025641025641          0.20827637345951938
538.7234042553191         0.2026340916809616
536.4406779661016         0.1983865561911277
534.1772151898733         0.1954101766962167
531.9327731092436         0.19360993561711506
529.7071129707113         0.19291467702505005
527.4999999999999         0.19327324379936547
