791.2499999999999         0.0814060012162664
786.3354037267079         0.08869030747223518
781.4814814814814         0.09584704956446607
776.6871165644171         0.10226663239756958
771.951219512195          0.10723522862428508
767.2727272727273         0.11008944352489722
762.6506024096384         0.11041445034962542
758.0838323353291         0.10818949086844691
753.5714285714284         0.10379297292300413
749.1124260355028         0.09786474711120617
744.705882352941          0.09111029197468565
740.3508771929824         0.08414341932482217
736.0465116279069         0.07741122705193487
731.7919075144507         0.07118989884669291
727.5862068965516         0.06561811392619889
723.4285714285713         0.06073989979381913
719.3181818181816         0.056541958256417016
715.2542372881354         0.05298081729542705
711.2359550561796         0.05000042720040264
707.262569832402          0.04754254770943915
703.3333333333333         0.045552294928757675
699.4475138121546         0.0439806731720289
695.6043956043954         0.042785326038092424
691.8032786885245         0.04193027270279836
688.0434782608695         0.04138506930416555
684.3243243243243         0.041123623537382505
680.6451612903226         0.04112275984179115
677.0053475935828         0.041360558036890344
673.4042553191488         0.04181445639188667
669.8412698412698         0.04245911779706935
666.315789473684          0.043264110072502755
662.8272251308899         0.04419155744210099
659.3749999999999         0.04519408365790696
655.9585492227978         0.04621357120289427
652.5773195876288         0.04718144662490992
649.2307692307692         0.04802125382556043
645.9183673469387         0.04865403967638024
642.6395939086294         0.04900643296785622
639.3939393939393         0.04902030713282592
636.180904522613          0.04866192336313785
632.9999999999999         0.047928012319378044
629.8507462686566         0.046846816288643484
626.7326732673266         0.04547361491761467
623.6453201970443         0.04388203016308286
620.5882352941176         0.042153582309671936
617.560975609756          0.04036806792659796
614.5631067961165         0.03859651838931551
611.5942028985506         0.036897348509396084
608.6538461538461         0.03531536286626216
605.7416267942583         0.033882800268149486
602.8571428571428         0.03262152632270053
599.9999999999999         0.03154565928295323
597.1698113207547         0.030664168217768087
594.3661971830985         0.029983212312858696
591.5887850467288         0.029508156477532722
588.8372093023255         0.029245301716928882
586.1111111111111         0.029203425832267926
583.4101382488478         0.029395260578456473
580.7339449541283         0.02983905219411099
578.0821917808219         0.03056037637356545
575.4545454545454         0.031594417381135616
572.8506787330316         0.03298898563361642
570.2702702702702         0.03480865357713677
567.7130044843049         0.037140557897395114
565.1785714285713         0.04010268038773654
562.6666666666666         0.043855830347184176
560.1769911504424         0.04862117850294662
557.7092511013215         0.05470611618311424
555.2631578947368         0.06254245846236527
552.8384279475981         0.0727422923055264
550.4347826086956         0.08617664028814882
548.051948051948          0.10407525676437766
545.6896551724137         0.128115315968454
543.3476394849785         0.1603646770385478
541.025641025641          0.2026674082564489
538.7234042553191         0.25453973432311827
536.4406779661016         0.30868983228962826
534.1772151898733         0.3473766761843179
531.9327731092436         0.35092086420185487
529.7071129707113         0.3177881028197908
527.4999999999999         0.2662572038502898
