791.2499999999999         0.0016464002726399739
786.3354037267079         0.0015758507061414554
781.4814814814814         0.0015122574620562935
776.6871165644171         0.0014560747361757281
771.951219512195          0.001407573683893593
767.2727272727273         0.0013669032846154712
762.6506024096384         0.001334146323078763
758.0838323353291         0.0013093687919288096
753.5714285714284         0.0012926629562503846
749.1124260355028         0.0012841855210845125
744.705882352941          0.0012841930382056297
740.3508771929824         0.0012930771091937947
736.0465116279069         0.0013114022845797024
731.7919075144507         0.0013399499864757802
727.5862068965516         0.001379772441697812
723.4285714285713         0.001432261662546325
719.3181818181816         0.0014992401587541383
715.2542372881354         0.0015830826079410983
711.2359550561796         0.0016868816241429176
707.262569832402          0.0018146768055759368
703.3333333333333         0.001971775672172738
699.4475138121546         0.0021652100455206488
695.6043956043954         0.002404395546819232
691.8032786885245         0.0027021016801508715
688.0434782608695         0.003075907214663942
684.3243243243243         0.0035504323370060464
680.6451612903226         0.004160847973475751
677.0053475935828         0.004958549362683366
673.4042553191488         0.006020624256051249
669.8412698412698         0.007466237382787113
666.315789473684          0.00948619364723039
662.8272251308899         0.012398934611124028
659.3749999999999         0.016762806596876
655.9585492227978         0.023616711266677554
652.5773195876288         0.03503797532279927
649.2307692307692         0.05555574242127111
645.9183673469387         0.096056220115898
642.6395939086294         0.1846855524955003
639.3939393939393         0.3812214394297095
636.180904522613          0.6127568513708538
632.9999999999999         0.49096108054679694
629.8507462686566         0.29006103296207914
626.7326732673266         0.18179851159387847
623.6453201970443         0.12707357786891973
620.5882352941176         0.09734406414549089
617.560975609756          0.08012631020577005
614.5631067961165         0.06985538572496393
611.5942028985506         0.06387425403416158
608.6538461538461         0.060855679640267876
605.7416267942583         0.06015277889179996
602.8571428571428         0.061522397304706336
599.9999999999999         0.06501754069234755
597.1698113207547         0.0709754763898115
594.3661971830985         0.08008496706668221
591.5887850467288         0.09355324848918953
588.8372093023255         0.11343662451752896
586.1111111111111         0.14326859060609975
583.4101382488478         0.18922579838020004
580.7339449541283         0.26209339341265625
578.0821917808219         0.3792122909812572
575.4545454545454         0.5581792391899465
572.8506787330316         0.7708506201052283
570.2702702702702         0.8698537138399802
567.7130044843049         0.7558572741019864
565.1785714285713         0.5637197587093887
562.6666666666666         0.40900693453602277
560.1769911504424         0.30589635204953414
557.7092511013215         0.23954373013989705
555.2631578947368         0.1964744029763673
552.8384279475981         0.16815210231758104
550.4347826086956         0.14953918779876374
548.051948051948          0.13769358776772056
545.6896551724137         0.13091349846181186
543.3476394849785         0.1282663576805582
541.025641025641          0.12934353905432056
538.7234042553191         0.13414974461546667
536.4406779661016         0.1430839616499538
534.1772151898733         0.15699920108984314
531.9327731092436         0.17734996891648755
529.7071129707113         0.20645356179072075
527.4999999999999         0.2478952045930446
