791.2499999999999         0.04810549846103276
786.3354037267079         0.05259659278876329
781.4814814814814         0.05769524044282958
776.6871165644171         0.06328466264454276
771.951219512195          0.06912402028936758
767.2727272727273         0.07482361324395409
762.6506024096384         0.07986272242840091
758.0838323353291         0.08367659944492244
753.5714285714284         0.08580640752030559
749.1124260355028         0.08605150470575024
744.705882352941          0.08453738687629861
740.3508771929824         0.08165799355098634
736.0465116279069         0.07793428914244677
731.7919075144507         0.073872122194894
727.5862068965516         0.0698758305263264
723.4285714285713         0.06622423838382753
719.3181818181816         0.06308665201316468
715.2542372881354         0.060553999657680005
711.2359550561796         0.058669707450265486
707.262569832402          0.05745426881573916
703.3333333333333         0.05692292638077326
699.4475138121546         0.057098064216343135
695.6043956043954         0.05801833174199497
691.8032786885245         0.059746276354643545
688.0434782608695         0.06237587919070556
684.3243243243243         0.066041036144058
680.6451612903226         0.07092566950858784
677.0053475935828         0.07727560046394052
673.4042553191488         0.08541113319480279
669.8412698412698         0.09573663097673142
666.315789473684          0.10873753196743358
662.8272251308899         0.12494342537955856
659.3749999999999         0.14481467538898748
655.9585492227978         0.16848139612933685
652.5773195876288         0.1952538445539009
649.2307692307692         0.22292346782971367
645.9183673469387         0.2472357574391928
642.6395939086294         0.26245771981051014
639.3939393939393         0.2637600060672915
636.180904522613          0.2501793986908168
632.9999999999999         0.22528243118212635
629.8507462686566         0.19479532810657724
626.7326732673266         0.1637311376706007
623.6453201970443         0.13513695029993344
620.5882352941176         0.11030331242599156
617.560975609756          0.08944306341608907
614.5631067961165         0.07225609497808633
611.5942028985506         0.05826035029363173
608.6538461538461         0.046950083631255086
605.7416267942583         0.037859290896696096
602.8571428571428         0.03058134158402448
599.9999999999999         0.024770951396660433
597.1698113207547         0.020139887654709317
594.3661971830985         0.016450738822020344
591.5887850467288         0.013510241375352585
588.8372093023255         0.01116271053940936
586.1111111111111         0.009283854915464212
583.4101382488478         0.007775163457483484
580.7339449541283         0.006558981361210427
578.0821917808219         0.005574318321984683
575.4545454545454         0.004773369978075477
572.8506787330316         0.004118690311741557
570.2702702702702         0.0035809301736049954
567.7130044843049         0.0031370506758825432
565.1785714285713         0.002768924325435973
562.6666666666666         0.002462246515741742
560.1769911504424         0.002205691866383454
557.7092511013215         0.0019902617494429345
555.2631578947368         0.0018087800595470611
552.8384279475981         0.0016555034225089926
550.4347826086956         0.00152581953786079
548.051948051948          0.0014160133505614612
545.6896551724137         0.0013230854632743582
543.3476394849785         0.0012446108636822192
541.025641025641          0.0011786288645732619
538.7234042553191         0.0011235573208565634
536.4406779661016         0.0010781258475544607
534.1772151898733         0.001041324036326163
531.9327731092436         0.0010123616497459654
529.7071129707113         9.906385362131933E-4
527.4999999999999         9.757226117121707E-4
