791.2499999999999         0.004561734652667329
786.3354037267079         0.004214853762550797
781.4814814814814         0.0038993920473431795
776.6871165644171         0.003616820295486419
771.951219512195          0.0033670693581791073
767.2727272727273         0.0031490463891906376
762.6506024096384         0.002961069212357855
758.0838323353291         0.002801200819470112
753.5714285714284         0.002667490664653066
749.1124260355028         0.002558140524841006
744.705882352941          0.002471615415447302
740.3508771929824         0.002406718605203641
736.0465116279069         0.0023626469134614514
731.7919075144507         0.002339039732973867
727.5862068965516         0.002336033366438506
723.4285714285713         0.0023543316784439858
719.3181818181816         0.0023953050324596503
715.2542372881354         0.0024611324136732337
711.2359550561796         0.0025550072762734037
707.262569832402          0.0026814373677833854
703.3333333333333         0.00284668506726466
699.4475138121546         0.0030594221858584606
695.6043956043954         0.003331720195208759
691.8032786885245         0.003680579686927455
688.0434782608695         0.004130353630342424
684.3243243243243         0.004716703882804022
680.6451612903226         0.005493292386631435
677.0053475935828         0.006543573182641438
673.4042553191488         0.008002607122266412
669.8412698412698         0.010099816589695413
666.315789473684          0.013248815689100645
662.8272251308899         0.01825288629662763
659.3749999999999         0.02682707842489449
655.9585492227978         0.04310910851309357
652.5773195876288         0.07874255362350162
649.2307692307692         0.17143505692478253
645.9183673469387         0.39262849541691175
642.6395939086294         0.3710832851879169
639.3939393939393         0.16551406814426584
636.180904522613          0.08147348696923591
632.9999999999999         0.04759552265344807
629.8507462686566         0.03142967078357492
626.7326732673266         0.022613265402761772
623.6453201970443         0.01732196174434591
620.5882352941176         0.013919574025858751
617.560975609756          0.011619329174139317
614.5631067961165         0.010007101490100997
611.5942028985506         0.008848988314842241
608.6538461538461         0.008005371697084292
605.7416267942583         0.007389264667702132
602.8571428571428         0.006944731210526255
599.9999999999999         0.006635082225602162
597.1698113207547         0.00643613189134138
594.3661971830985         0.006332217309383855
591.5887850467288         0.006313803039595497
588.8372093023255         0.006376039769643134
586.1111111111111         0.006517928088923059
583.4101382488478         0.006741889683771173
580.7339449541283         0.007053632366864851
578.0821917808219         0.007462242448394813
575.4545454545454         0.00798046219735306
572.8506787330316         0.008625116726234875
570.2702702702702         0.009417642536263055
567.7130044843049         0.010384632441133253
565.1785714285713         0.011558235746933532
562.6666666666666         0.012976119651364453
560.1769911504424         0.014680487982770106
557.7092511013215         0.016715362967953548
555.2631578947368         0.01912102132813
552.8384279475981         0.021924340441409014
550.4347826086956         0.025124314163095497
548.051948051948          0.02867386623295286
545.6896551724137         0.032462868748990174
543.3476394849785         0.03631205907600798
541.025641025641          0.03998947053507425
538.7234042553191         0.04325433522249136
536.4406779661016         0.045917262431015654
534.1772151898733         0.04789055023458786
531.9327731092436         0.049204378068300206
529.7071129707113         0.049984824911673525
527.4999999999999         0.05041064979795768
