791.2499999999999         0.01463559158143738
786.3354037267079         0.013993437502733056
781.4814814814814         0.013508057038808141
776.6871165644171         0.013163818666802229
771.951219512195          0.012950345070805098
767.2727272727273         0.012861898233975292
762.6506024096384         0.012897086257831826
758.0838323353291         0.013058868784225623
753.5714285714284         0.013354871452242116
749.1124260355028         0.013798056519023844
744.705882352941          0.01440784317797157
740.3508771929824         0.015211836427811584
736.0465116279069         0.016248421978570387
731.7919075144507         0.017570640570844266
727.5862068965516         0.01925200953437288
723.4285714285713         0.021395385358481126
719.3181818181816         0.024146689223940178
715.2542372881354         0.027716583199786593
711.2359550561796         0.032415405195277865
707.262569832402          0.03871053887740728
703.3333333333333         0.04732182932470239
699.4475138121546         0.05937970205052862
695.6043956043954         0.07667506996641475
691.8032786885245         0.10198544689869249
688.0434782608695         0.13916705516644448
684.3243243243243         0.19148582783635168
680.6451612903226         0.25389246209845745
677.0053475935828         0.29925322302188356
673.4042553191488         0.292194222570357
669.8412698412698         0.2405557947684807
666.315789473684          0.18154907547742133
662.8272251308899         0.13465691510205932
659.3749999999999         0.10150202142163407
655.9585492227978         0.07862716678448978
652.5773195876288         0.06268596916433328
649.2307692307692         0.05133575191196337
645.9183673469387         0.04305920722312909
642.6395939086294         0.03688450830545936
639.3939393939393         0.03218153724895202
636.180904522613          0.02853317480452151
632.9999999999999         0.025656770845476084
629.8507462686566         0.023356212423199126
626.7326732673266         0.021492260222909447
623.6453201970443         0.019963841778797894
620.5882352941176         0.018696016572462476
617.560975609756          0.017632085260062873
614.5631067961165         0.016728330028747587
611.5942028985506         0.015950463697003956
608.6538461538461         0.015271213115398988
605.7416267942583         0.014668669820856134
602.8571428571428         0.014125165650183976
599.9999999999999         0.013626506685201219
597.1698113207547         0.013161445626212652
594.3661971830985         0.012721303055810082
591.5887850467288         0.012299670066448432
588.8372093023255         0.011892143213542103
586.1111111111111         0.011496060037635591
583.4101382488478         0.011110219771636164
580.7339449541283         0.010734588245174918
578.0821917808219         0.010369996847830184
575.4545454545454         0.010017851515764262
572.8506787330316         0.009679868821598665
570.2702702702702         0.00935785321683802
567.7130044843049         0.009053523899807143
565.1785714285713         0.008768393466518967
562.6666666666666         0.008503694944310955
560.1769911504424         0.0082603499035417
557.7092511013215         0.0080389683504023
555.2631578947368         0.007839870802854552
552.8384279475981         0.00766312386560275
550.4347826086956         0.007508582220513183
548.051948051948          0.007375931787261988
545.6896551724137         0.007264730572606808
543.3476394849785         0.007174445240604468
541.025641025641          0.007104482633993677
538.7234042553191         0.007054216364056895
536.4406779661016         0.007023009204964325
534.1772151898733         0.007010232433486271
531.9327731092436         0.007015283497398141
529.7071129707113         0.007037603516005062
527.4999999999999         0.007076696141626608
