791.2499999999999         0.06670143865852404
786.3354037267079         0.039195436512866506
781.4814814814814         0.026259092738498534
776.6871165644171         0.01919429699497479
771.951219512195          0.01493572707108006
767.2727272727273         0.01218810299732999
762.6506024096384         0.010329396310678874
758.0838323353291         0.009031448876624795
753.5714285714284         0.00810843009318646
749.1124260355028         0.0074493307457330704
744.705882352941          0.006985225932236534
740.3508771929824         0.006672298296439536
736.0465116279069         0.006482562373813422
731.7919075144507         0.006398602848980063
727.5862068965516         0.006410532858235993
723.4285714285713         0.006514257236875479
719.3181818181816         0.006710559781384076
715.2542372881354         0.007004761913520139
711.2359550561796         0.007406829259737819
707.262569832402          0.007931883207671736
703.3333333333333         0.008601131975832305
699.4475138121546         0.009443283743217597
695.6043956043954         0.010496550291534491
691.8032786885245         0.011811396422194842
688.0434782608695         0.013454236096600602
684.3243243243243         0.015512310227584928
680.6451612903226         0.01809997647314576
677.0053475935828         0.02136654104342862
673.4042553191488         0.025505456438380356
669.8412698412698         0.03076400627417784
666.315789473684          0.03745121277720293
662.8272251308899         0.04593931582605847
659.3749999999999         0.056650721210625386
655.9585492227978         0.0700187227251481
652.5773195876288         0.08640967639055362
649.2307692307692         0.10600256909380507
645.9183673469387         0.12864469036718668
642.6395939086294         0.1537344813463334
639.3939393939393         0.18019845782387772
636.180904522613          0.20659413288276965
632.9999999999999         0.2312912288638075
629.8507462686566         0.2526321055883966
626.7326732673266         0.26902000637006385
623.6453201970443         0.2789989617354101
620.5882352941176         0.2814498954967952
617.560975609756          0.275937594552506
614.5631067961165         0.26304278627409317
611.5942028985506         0.2443995253300529
608.6538461538461         0.22231161286851592
605.7416267942583         0.199135658264772
602.8571428571428         0.17676614891372044
599.9999999999999         0.15641795347490595
597.1698113207547         0.1386754681370177
594.3661971830985         0.12366986373080939
591.5887850467288         0.11126676837019485
588.8372093023255         0.10120957751246953
586.1111111111111         0.09321002168276385
583.4101382488478         0.08699745966517146
580.7339449541283         0.08234163566428589
578.0821917808219         0.0790605416279771
575.4545454545454         0.07702094074711961
572.8506787330316         0.07613587736866002
570.2702702702702         0.0763613394811443
567.7130044843049         0.07769285322363464
565.1785714285713         0.08016180171659114
562.6666666666666         0.08383034632916357
560.1769911504424         0.0887827242470746
557.7092511013215         0.09510924636759877
555.2631578947368         0.10287766452541981
552.8384279475981         0.11208563240740335
550.4347826086956         0.12259026514351613
548.051948051948          0.13402098458429448
545.6896551724137         0.14570460698710827
543.3476394849785         0.15666254553033215
541.025641025641          0.16575105204213256
538.7234042553191         0.1719603172047259
536.4406779661016         0.17476311755627102
534.1772151898733         0.17431354010111383
531.9327731092436         0.1713706019755677
529.7071129707113         0.16701565621719733
527.4999999999999         0.16234954471068777
